0.0183963770801
0.0198775249879
0.00322412577265
0.00148557466764
0.00269355005346
0.0172286493664
0.0142699130042
0.0143280031444
0.00698394238058
0.00905097644753
0.0164385755769
0.000976297015352
0.0191102401618
0.0191388024392
0.0167332330216
0.0261827798285
0.010300613772
0.0127782505817
0.0208775181541
0.0196276184711
0.0193039656552
0.0207086290036
0.0246469152524
0.00903385260454
0.0189788480904
0.00549812796491
0.0168056490833
0.023344553304
0.0154048552326
0.0059022596589
0.0287474638327
0.00294895554073
0.027945301302
0.021474491914
0.0155345348882
0.00541050737752
0.00354484850703
0.0345326335256
0.000491091670629
0.0169151750087
0.00133202534516
0.125776437922
0.177065381531
0.086453195149
0.0224977347091
