-8.24271853418
-8.01982481254
-9.41563976822
-9.21740089917
-9.93528984039
-9.43801818981
-9.20310754892
-9.56207692898
-9.85854507179
-8.82752015494
-9.50587418496
-6.97276255159
-8.63000101711
-9.64390325984
-9.87063514014
-9.95579294848
-9.5738963241
-9.19628913585
-9.40831839231
-8.84995049172
-7.48574489721
-9.80164226866
-9.94090652705
-9.87063514014
-7.58678776463
-9.95349271359
-10.2071073768
-9.61544668137
-10.2071073768
-9.35139422451
-7.85911303128
-10.2071073768
-9.79302884387
-9.11854292064
-9.06296520876
-8.56250638857
-9.28692354044
-7.74898514149
-9.2336822298
-9.65237683344
-7.50708538003
-9.61474879543
-9.97024930732
-8.9000763458
-8.49138310412
-10.2071073768
-7.86329430713
-10.2071073768
-9.05711109635
-10.2071073768
-8.12944513101
-9.35636860725
-8.2944411463
-10.2071073768
-9.46601763848
-9.3433611397
-9.87063514014
-9.82088997581
-9.92928148658
-9.66191275176
-9.71337791172
-9.95349271359
-9.62563217923
-9.48009451079
-9.75506544286
-10.2071073768
-9.99546793639
-9.4718062819
-9.28304035463
-9.70467825204
-9.50336834714
-9.65143487068
-10.2071073768
-9.94617305957
-9.4402834507
-10.2071073768
-9.95349271359
-10.2071073768
-9.93814439341
-9.85854507179
-9.71702203415
-9.76582464958
-10.2071073768
-9.71702203415
-10.0431414576
-10.2071073768
-9.42341648505
-9.95579294848
-10.2071073768
-9.31596839075
-9.34081312875
-9.5681908578
-10.2071073768
-9.25558933839
-8.36614954155
-9.51300375787
-8.18970471696
-9.40616776902
-9.66261222353
-9.55145365691
-10.2071073768
-8.9955196916
-9.70005681521
-9.30094719057
-9.6236454555
-9.55870291002
-9.54019084089
-8.79446238939
-7.69205775854
-7.07088045754
-7.29542296438
-7.44951709564
-8.23054306763
-8.93178090308
-9.51208610246
-10.2071073768
-10.0204654409
-8.70917903855
-9.76582464958
-9.34528817836
-8.64466654916
-9.30989537026
-9.85854507179
-9.00244774539
-8.85537171101
-9.57963452963
-8.34677259431
-8.56349288498
-10.2071073768
-9.26314603026
-8.40560944788
-9.92928148658
-9.20730751477
-8.43483572784
-8.01297871748
-9.82947162607
-8.10391050137
-8.94644175611
-9.92283262167
-9.59928075953
-9.54820766844
-7.72866566094
-10.2071073768
-9.106183062
-9.15452207565
-9.59226288029
-8.96869501888
-10.2071073768
-10.2071073768
-9.70076387984
-9.78430083836
-9.96020353666
-10.2071073768
-7.87692879069
-9.49065857155
-9.82915017186
-10.2071073768
-10.2071073768
-10.0064366813
-8.72641982317
-8.57776006526
-8.48577860735
-9.62774488497
-9.94090652705
-9.51322595104
-9.88649998607
-9.20790176167
-9.5738963241
-10.2071073768
-9.55145365691
-9.95579294848
-10.2071073768
-9.75136098236
-9.7478051005
-9.44759552875
-9.41181571737
-7.74725659074
-9.35765788239
-10.2071073768
-8.75755821375
-9.6506131682
-9.82947162607
-9.96231968058
-9.88649998607
-9.32149015763
-10.2071073768
-9.03516711514
-8.71460955234
-9.21528837384
-10.2071073768
-9.85195258477
-10.0075493483
-10.2071073768
-10.2071073768
-9.39741633
-9.88649998607
-9.70690541546
-10.2071073768
-9.73153711861
-10.2071073768
-10.2071073768
-9.43714214455
-9.03842071319
-9.58166091064
-9.90837015436
-10.2071073768
-9.95579294848
-10.2071073768
-9.92928148658
-9.54070795146
-10.2071073768
-9.68215717579
-8.9885655312
-9.56008755986
-9.75512225302
-9.44223097095
-10.2071073768
-9.98702211168
-9.4590944642
-9.63534244582
-9.26171518215
-9.32968542924
-8.9941348086
-8.40579746964
-8.73705051188
-10.2071073768
-8.80383405945
-8.86100391154
-8.78281083672
-10.2071073768
-9.91942530431
-9.25195585915
-9.75136098236
-9.85854507179
-9.46403369169
-9.78728648326
-4.50859811232
-9.83746732736
-9.18197643686
-9.54769136678
-10.2071073768
-10.2071073768
-10.2071073768
-9.23753783955
-9.57817429875
-8.98410600988
-8.62176282089
-9.67143228981
-8.23252997224
-9.23909020098
-8.03834156755
-8.54052441886
-9.85195258477
-9.57135980736
-9.32353850505
-9.02865272707
-9.84255916037
-9.84494248388
-9.51135858208
-10.2071073768
-9.79440362641
-8.9730894077
-9.42004943829
-10.2071073768
-7.84956350957
-10.2071073768
-9.61572493834
-9.84494248388
-8.22104050035
-9.71437014642
-8.91962096758
-10.2071073768
-10.2071073768
-7.95994875143
-9.52762799676
-9.76582464958
-9.62031380407
-8.77254079045
-8.0366366134
-9.15203332599
-9.75136098236
-4.23935231522
-9.76913323517
-9.90837015436
-8.45733563477
-9.1191123457
-9.56113550679
-8.96315033199
-6.90934524943
-9.07547055671
-8.64883042832
-10.2071073768
-9.95579294848
-9.46759355853
-8.91626765872
-8.75574325156
-7.34653140377
-9.49354244359
-9.49684623709
-10.2071073768
-7.4596280282
-8.71654566989
-7.73418772501
-10.2071073768
-9.08573058341
-9.57434914011
-9.84494248388
-9.85195258477
-9.45325352125
-10.0310972873
-8.7891789081
-10.2071073768
-9.58041814718
-10.2071073768
-9.3114471527
-9.9158853011
-8.81261986419
-9.40823402799
-8.70967759792
-9.5330153741
-10.2071073768
-10.2071073768
-10.2071073768
-10.2071073768
-10.2071073768
-9.92283262167
-9.79076973643
-9.64546313861
-9.78465797101
-9.62402631901
-9.43638329537
-9.83746732736
-9.95349271359
-9.4573937589
-10.2071073768
-9.96638678904
-8.64870937374
-9.57817429875
-9.38113154393
-9.26153208214
-7.80817198577
-9.85854507179
-9.9739241
-9.67073486121
-9.03677540239
-8.4907682842
-9.48630915439
-8.66847960312
-9.22303536892
-9.47796877158
-9.19794998692
-8.04931157357
-10.2071073768
-9.00169449792
-10.2071073768
-9.88649998607
-10.2071073768
-10.2071073768
-9.73521634905
-9.84494248388
-7.79552986518
-9.77888812958
-9.55550218095
-8.98831440642
-10.2071073768
-9.24529470792
-8.09348102353
-9.21680609001
-8.53311212359
-8.70218220557
-9.14655028476
-9.75136098236
-8.27862402183
-9.60552493526
-7.98666154909
-9.06138106578
-9.41755638042
-8.32994563512
-9.2312333544
-9.33287637419
-10.0158107907
-9.84494248388
-10.2071073768
-10.2071073768
-7.74516081028
-9.42985735634
-10.2071073768
-10.2071073768
-9.89128205955
-9.71702203415
-7.73390931209
-8.25673329256
-10.2071073768
-9.82947162607
-10.2071073768
-9.08537182899
-9.64417122425
-9.89605185026
-9.49603102031
-9.19248196141
-9.06843612924
-9.48856998299
-8.20021160355
-9.6548471018
-7.99654169866
-9.18418575282
-9.86476079192
-9.87619896794
-8.33651972658
-9.62054807083
-9.51300375787
-9.38454360736
-9.52211685186
-9.17796340342
-7.99775169204
-9.33031266745
-9.2799772467
-9.04558877101
-8.8612663365
-8.94826955822
-10.2071073768
-10.2071073768
-9.83746732736
-9.84494248388
-8.92783576097
-9.94090652705
-9.96020353666
-9.33045036006
-8.14880400922
-8.94875462817
-9.62798898382
-9.81164462581
-9.77888812958
-9.07123775555
-8.7528392532
-9.60537555546
-8.99556327667
-9.59951630239
-10.2071073768
-8.73077760734
-10.2071073768
-9.78552131565
-9.85854507179
-9.17029167967
-9.07293071001
-9.3036299616
-10.2071073768
-8.71869977925
-8.8954223952
-7.88723253704
-9.61270021895
-9.33095532737
-9.37604191217
-9.83806686834
-9.83806686834
-9.45685858132
-9.66840248937
-9.60450559785
-9.696281753
-10.2071073768
-10.2071073768
-9.6999869072
-7.74158495919
-9.33273937124
-9.21068336932
-10.2071073768
-9.50247371889
-6.61961898849
-9.02649443323
-9.40596884073
-9.28589696365
-8.44823894386
-9.63900967848
-7.18157153537
-8.97137642421
-9.03971803921
-9.10998882684
-9.27512511241
-8.93158439557
-8.20102468073
-10.2071073768
-6.45683913422
-8.00505582399
-9.56907029263
-9.36850715754
-9.04309677806
-7.78900480152
-9.79076973643
-10.2071073768
-9.13508384543
-10.2071073768
-9.60608653813
-9.6725091063
-8.4959464414
-9.31406794807
-7.75469505975
-9.5368705474
-9.46330721956
-10.2071073768
-9.73087674974
-10.2071073768
-9.82088997581
-9.87063514014
-8.81129399495
-9.89128205955
-8.40173983588
-9.06174304464
-9.57194518579
-9.83746732736
-10.2071073768
-9.65440277325
-9.83746732736
-8.68085826208
-7.81141313234
-10.2071073768
-8.82443935597
-10.2071073768
-9.32697767687
-9.34126764758
-9.6506131682
-10.2071073768
-9.22314987732
-9.2304476101
-9.64125679836
-9.94617305957
-9.85195258477
-9.91220356624
-7.63506594872
-9.49963669188
-7.98781977644
-9.77888812958
-10.2071073768
-8.27190898976
-8.52277851492
-9.38510076597
-9.53848277588
-8.09471848003
-10.2071073768
-8.85909721808
-9.5681908578
-9.39741633
-10.2071073768
-9.99677976437
-9.65395920266
-9.57602029184
-10.2071073768
-9.51835711733
-9.88147931231
-9.36883941988
-10.2071073768
-9.96638678904
-9.15987893634
-9.51322595104
-9.70633208885
-8.5258896751
-9.21699935612
-9.04375390024
-10.2071073768
-10.2071073768
-9.68595787612
-9.17397608612
-10.2071073768
-10.2071073768
-8.64461940831
-8.31852292292
-9.20671372738
-9.34889007881
-9.70309811526
-9.39732622451
-9.10211550243
-8.89968428137
-9.07992825122
-9.77888812958
-9.83746732736
-9.94090652705
-9.62189685649
-9.94090652705
-9.40628352812
-7.96783114517
-10.2071073768
-9.94617305957
-10.0075493483
-9.39167731958
-9.34312245186
-9.33265505808
-8.75368392744
-10.2071073768
-9.90837015436
-9.76582464958
-10.2071073768
-10.2071073768
-10.2071073768
-9.24047704797
-9.94090652705
-9.55063982731
-10.2071073768
-8.89679131781
-9.96638678904
-9.35046474577
-9.93814439341
-9.79393859786
-9.52900150153
-10.2071073768
-8.09661027909
-9.61859929654
-10.2071073768
-8.59397758016
-7.61924804405
-10.2071073768
-9.33383518489
-8.51014693929
-9.53285973989
-10.2071073768
-10.2071073768
-9.16851430761
-9.96020353666
-9.48693387864
-8.7055787933
-8.84412969603
-9.76582464958
-8.32544162019
-10.2071073768
-10.2071073768
-9.86169769939
-9.28329991739
-10.2071073768
-10.2071073768
-9.36522332435
-7.5840427009
-9.57963452963
-9.53867408347
-9.45953226225
-10.2071073768
-8.66718577299
-9.67230738002
-8.47358569322
-9.81164462581
-8.07590470479
-9.34174777503
-10.2071073768
-8.56310181468
-9.53232206065
-8.86562177439
-10.2071073768
-10.2071073768
-10.2071073768
-8.707606803
-9.87063514014
-9.21150532837
-10.2071073768
-9.88147931231
-9.04433759308
-10.2071073768
-10.2071073768
-10.2071073768
-8.80430805022
-9.35623035328
-8.92815989252
-9.47742230459
-9.76582464958
-10.2071073768
-9.37157505972
-9.93528984039
-8.65572775304
-9.93528984039
-9.600576566
-9.38445055121
-10.2071073768
-9.60555045225
-8.71375321911
-9.84494248388
-9.57082830801
-9.77888812958
-10.2071073768
-10.0005683333
-9.90437410115
-9.89128205955
-9.5913469094
-9.14647367901
-9.33097126131
-9.01305360138
-8.41808093017
-9.89128205955
-9.68828024057
-10.2071073768
-9.34312121022
-9.52928576537
-8.41745980085
-9.52001706777
-8.88854341492
-8.8893078843
-8.44160245651
-8.8992856518
-9.16476483408
-9.95349271359
-10.2071073768
-9.81164462581
-9.60753710103
-9.48716903966
-9.16772747964
-9.38695757269
-9.50421100741
-9.41948061225
-10.2071073768
-9.83806686834
-9.13602459315
-10.2071073768
-9.37801627447
-9.30742115279
-8.63658737381
-9.81164462581
-9.05542321976
-8.9628654201
-9.57458775654
-10.2071073768
-9.20213927153
-10.2071073768
-9.36909534501
-9.70476532948
-8.69351189807
-9.56479956343
-9.54299218848
-10.2071073768
-10.2071073768
-9.75136098236
-10.2071073768
-9.02294211632
-10.2071073768
-8.66621421477
-9.80164226866
-10.2071073768
-8.95441404746
-10.2071073768
-9.66463408099
-9.82088997581
-9.19315479828
-9.93233748436
-8.45375071329
-9.02971445394
-8.32824166955
-8.67796679123
-10.2071073768
-9.3550496341
-9.85854507179
-9.15133313893
-9.02261141788
-8.49769839367
-9.37156626225
-9.07485083334
-9.25337643443
-9.04467125121
-9.79393859786
-7.86639154275
-9.37390342595
-9.3107021701
-8.66987732742
-7.23701451225
-9.49426961131
-9.74743250161
-9.40679513056
-9.79076973643
-10.2071073768
-9.34107906701
-10.2071073768
-9.29701691356
-9.31649449224
-9.85195258477
-9.65478374885
-9.45659663612
-9.33973793235
-8.57785396584
-9.55799529678
-9.73521634905
-9.34839091741
-8.51299846975
-8.78021354189
-10.2071073768
-9.17826002005
-9.11293952183
-9.52089833841
-9.43045295739
-7.98237792848
-9.11615700303
-9.84494248388
-9.67230738002
-9.32697767687
-9.90437410115
-9.89584425684
-9.58249088092
-9.43273070183
-10.2071073768
-8.76194935463
-8.25019686252
-9.65666647163
-10.2071073768
-10.2071073768
-10.2071073768
-8.78166816993
-9.32226784416
-10.2071073768
-9.42572098816
-9.23216636797
-9.2910998001
-9.696281753
-9.94617305957
-4.74424709709
-9.7315852578
-10.2071073768
-9.87619896794
-9.28405926951
-10.2071073768
-9.9023113452
-9.19205436795
-8.93490335414
-9.45347909172
-8.48353413878
-9.09934582171
-9.58500666782
-8.95085845824
-9.12450869441
-9.67230738002
-9.62402631901
-9.86476079192
-10.2071073768
-8.35741045008
-6.70446587167
-9.91942530431
-9.6308126302
-8.89534469724
-8.40337962243
-9.4744514861
-9.66123138621
-8.95359470072
-9.79076973643
-9.86476079192
-9.72326040914
-10.2071073768
-5.49119580405
-9.64452490389
-10.2071073768
-10.2071073768
-9.87619896794
-9.01303680683
-9.49935530777
-9.38498313754
-7.36372021599
-9.85854507179
-9.68140477567
-7.99590272698
-7.6690657579
-9.73915139022
-9.35534083772
-8.25200360561
-9.49957199188
-9.04465286515
-9.08704612899
-8.32034728092
-9.2352644687
-9.83746732736
-10.2071073768
-9.37595201653
-9.43948401995
-9.85854507179
-9.14988754558
-9.53232206065
-9.19506884175
-9.5336916286
-9.34348042664
-10.2071073768
-7.99512631892
-9.38038921562
-6.13708795231
-9.23651092045
-10.2071073768
-9.65171237025
-9.5792376419
-9.18052967485
-9.32025965489
-9.82088997581
-9.28978250526
-8.10315668695
-9.82088997581
-9.65934652348
-9.40344242448
-9.64410934591
-10.2071073768
-9.93233748436
-10.2071073768
-9.89584425684
-9.30494254049
-9.40212633871
-9.51515896259
-7.33556324362
-9.85854507179
-9.84494248388
-9.25420809881
-10.2071073768
-9.97210919296
-9.73521634905
-9.69702313631
-8.71375321911
-9.696281753
-9.66181602976
-8.48713170802
-9.4018951259
-10.2071073768
-9.61025306361
-8.9457071692
-8.56459743056
-10.2071073768
-10.2071073768
-9.6016370082
-9.76582464958
-8.79264894106
-9.85195258477
-9.29127382949
-9.6407704089
-9.79076973643
-9.34788452606
-10.2071073768
-8.57211838385
-8.56772487238
-9.5799974259
-10.2071073768
-8.20583043249
-9.38299068934
-10.2071073768
-9.69124944667
-8.85603293305
-8.11620401125
-9.49661886652
-9.58851958548
-8.95822988918
-9.14251385613
-8.96957295354
-9.22184622092
-9.25615488599
-8.84867894503
-9.25623159725
-9.86476079192
-9.23077552
-9.95579294848
-9.19319872457
-9.91942530431
-8.83747853333
-9.93528984039
-9.42778370351
-8.18701487515
-8.89135839624
-9.08833988527
-9.59736184072
-9.88147931231
-9.76234974166
-9.66831247795
-9.68777360721
-9.37817266857
-10.2071073768
-8.80297102087
-10.2071073768
-9.81164462581
-9.76582464958
-8.91382494793
-9.63214812758
-9.99677976437
-10.2071073768
-9.25021198368
-10.2071073768
-10.2071073768
-9.03288301354
-9.60748120483
-10.2071073768
-6.48250911471
-10.2071073768
-9.77888812958
-9.52313410849
-9.63089603294
-9.40898466634
-7.62419998649
-9.81164462581
-9.19383056161
-7.34776180116
-10.2071073768
-8.67760554351
-10.2071073768
-7.6302769533
-8.92000790729
-9.58222791516
-9.30939891075
-10.2071073768
-10.2071073768
-9.86476079192
-8.00580434286
-8.65723253608
-9.38498313754
-8.99892823856
-10.2071073768
-9.20261200296
-8.7077060993
-8.49775729481
-8.73148876229
-9.80164226866
-10.2071073768
-9.32271729052
-9.48915232945
-9.32749993516
-9.2996560107
-7.60152295227
-9.34201341878
-8.96084963821
-8.74618473577
-10.0138452895
-9.11684732589
-9.80841652509
-9.98550944396
-9.2772730318
-10.2071073768
-9.50579473476
-9.62982185053
-9.79076973643
-10.2071073768
-9.2150754383
-10.2071073768
-8.84699469034
-10.2071073768
-9.90020328373
-8.67903657074
-8.66094413628
-9.35509140457
-9.95112498473
-9.14632756517
-9.64174831
-7.14403170854
-9.76582464958
-9.88147931231
-9.79042211278
-9.46369376647
-9.1471330114
-10.2071073768
-8.625220348
-8.35700949304
-9.51100107641
-9.55600015324
-9.85854507179
-9.90020328373
-10.2071073768
-9.55550218095
-9.33389728251
-9.87619896794
-10.2071073768
-9.67737263947
-9.24078133908
-9.32303421116
-9.51429764962
-9.9580288922
-10.2071073768
-9.80164226866
-9.79076973643
-9.30571275217
-9.58457753406
-9.75506544286
-9.21575479448
-8.8008768449
-10.2071073768
-9.25277200647
-9.67733985312
-10.2071073768
-9.21770612656
-7.85171966737
-10.2071073768
-8.86008453666
-9.6293125905
-8.77965338811
-9.66985534303
-10.2071073768
-8.59955292532
-9.77888812958
-9.95112498473
-9.83746732736
-9.88147931231
-9.56542673955
-9.1848101466
-8.32614418535
-9.4747137145
-9.61498210567
-8.56552516612
-9.83746732736
-7.5009808637
-9.51702555964
-9.66163647113
-9.50099228569
-9.20158711478
-9.3704530802
-10.2071073768
-8.98156187266
-9.92283262167
-8.8542567822
-8.96394116365
-9.41373779938
-9.6099047217
-9.88649998607
-7.91855821007
-9.2107992601
-9.96638678904
-10.2071073768
-9.59038638006
-9.36614197908
-8.7322441346
-8.95511575275
-9.45600890711
-9.37303567707
-8.86900103598
-8.97911472645
-9.39103434833
-9.6658700627
-10.2071073768
-9.20274391294
-8.62511179027
-10.2071073768
-9.00506584788
-9.19840570571
-9.76582464958
-10.2071073768
-9.33955576618
-9.69559160882
-9.48860176363
-9.98238402173
-7.32550069645
-8.36935112954
-9.87619896794
-8.75549632759
-9.06403389384
-9.66671803084
-9.22662923448
-9.92611550217
-9.62075575557
-10.2071073768
-6.92800609683
-10.2071073768
-8.44577501977
-7.69867768265
-9.87619896794
-9.44476575201
-9.29102729076
-10.2071073768
-9.98238402173
-8.78297155214
-9.90837015436
-9.30154668138
-9.5681908578
-10.2071073768
-9.56774752009
-9.58934193772
-9.59471437511
-9.58938422081
-10.2071073768
-7.15420097781
-8.44400026033
-8.55496095598
-8.59821362778
-9.89128205955
-10.2071073768
-6.47292608404
-9.07120665931
-8.41826109117
-9.47902848706
-9.77115844572
-9.18921787394
-9.35225849803
-10.2071073768
-8.92848328118
-10.2071073768
-8.406204705
-9.14133103369
-9.08391121358
-9.59151627943
-10.2071073768
-10.063610375
-9.72732077902
-10.2071073768
-8.26375084758
-9.43352073943
-9.82088997581
-10.2071073768
-10.2071073768
-6.92925886186
-8.58344677259
-10.2071073768
-8.69490707069
-7.47894599701
-10.2071073768
-8.81677171307
-6.20890230138
-10.2071073768
-7.27245225527
-10.2071073768
-10.2071073768
-9.60851275509
-8.8889491925
-9.73521634905
-7.76573803137
-9.49426961131
-9.55949759601
-9.696281753
-8.68422515466
-9.87063514014
-8.7307747512
-9.40303627848
-8.67756118018
-9.73521634905
-8.42057069176
-9.56113550679
-9.5264229106
-9.86476079192
-9.52229437676
-8.00613727981
-9.82088997581
-9.50133384775
-9.94090652705
-10.063610375
-9.47889765966
-9.82088997581
-9.41456053675
-8.98699762687
-10.2071073768
-10.2071073768
-10.2071073768
-10.2071073768
-10.2071073768
-9.72751452528
-9.82947162607
-10.2071073768
-9.61306166718
-9.29575906813
-10.2071073768
-10.2071073768
-9.37360228573
-9.43418043238
-9.49402996966
-10.2071073768
-9.59473246164
-10.2071073768
-10.2071073768
-9.77633196834
-9.317728472
-9.61844101439
-10.2071073768
-9.84494248388
-9.95112498473
-9.34562272547
-10.2071073768
-8.09395747253
-10.2071073768
-8.86952430349
-9.78454906486
-9.90437410115
-7.98422837756
-9.1133686286
-9.7070955472
-9.33549998267
-9.35979850495
-9.60902187024
-10.2071073768
-9.67576535138
-7.70951825375
-9.37890559594
-9.5191777595
-8.71294712497
-9.35192383593
-9.57850343358
-9.48836176129
-10.2071073768
-9.56273096729
-8.97632884956
-8.96221050635
-8.14927953056
-7.39370147863
-10.2071073768
-10.2071073768
-9.43885355081
-10.0310972873
-8.65467565857
-9.96231968058
-5.33523762112
-9.07845425842
-8.48551185707
-9.73400058218
-9.52836113333
-8.95960875499
-9.99137384704
-10.2071073768
-8.73860750469
-10.2071073768
-9.17267177925
-9.95112498473
-9.99546793639
-9.54661093831
-9.37572797282
-7.386684735
-9.57154912213
-9.31121777768
-9.82947162607
-10.2071073768
-9.14827069252
-9.77888812958
-8.84520912429
-8.82426403589
-8.8270329958
-10.0431414576
-9.79076973643
-7.92647915923
-5.74001534851
-9.00202133108
-9.83746732736
-9.04892830035
-8.95120053027
-8.87055338969
-9.15917698378
-10.2071073768
-9.71702203415
-8.63134576637
-9.57225852439
-8.93400722159
-10.0097183317
-9.16156953116
-10.2071073768
-9.82947162607
-9.90837015436
-10.2071073768
-9.62054807083
-9.61025306361
-9.66337109928
-9.04470107457
-9.4517443375
-9.38299068934
-10.2071073768
-9.22436253163
-10.2071073768
-9.53080443432
-9.4312151638
-8.47336099229
-10.2071073768
-10.2071073768
-8.34207511948
-9.08919850446
-9.56457058753
-9.22694953183
-9.64818708534
-9.07999446921
-9.71702203415
-9.83746732736
-9.5539299387
-9.86476079192
-8.1497787093
-9.4361904574
-9.97742613102
-10.2071073768
-7.42505437542
-9.3550496341
-9.77888812958
-8.97424917239
-9.77888812958
-9.76582464958
-9.19538759311
-9.83806686834
-10.2071073768
-9.22801986947
-9.45804687236
-9.00316877386
-9.53992388167
-10.2071073768
-9.17187361616
-9.10911579471
-9.10956224772
-10.2071073768
-9.39306354286
-9.92928148658
-9.65479773863
-7.26127615754
-10.2071073768
-10.2071073768
-10.2071073768
-9.6397371911
-9.77888812958
-9.80164226866
-9.52956214951
-10.2071073768
-9.87619896794
-8.21860534343
-9.77888812958
-10.034009699
-9.27846659442
-9.05309645469
-9.85195258477
-10.2071073768
-10.2071073768
-10.2071073768
-9.82088997581
-9.15988273331
-9.80164226866
-9.62035324641
-8.72142411094
-10.0064366813
-7.66918002597
-9.92928148658
-10.2071073768
-9.80164226866
-9.39883984196
-9.12261267376
-10.2071073768
-9.83746732736
-9.00188092276
-9.80164226866
-9.65729498189
-8.67941224704
-9.20737449342
-8.34289784447
-8.83753166253
-9.82088997581
-9.73521634905
-10.2071073768
-7.87258210028
-9.38321040951
-9.93814439341
-9.61636532904
-9.67013545956
-10.2071073768
-8.64278644451
-9.10170464443
-9.07928220234
-7.54556570797
-9.27476634744
-7.76770719129
-9.71672186755
-9.86476079192
-8.52076478202
-9.87063514014
-9.14011222025
-10.2071073768
-9.78020588571
-8.64618289334
-9.20432701281
-9.15072744427
-9.88649998607
-10.2071073768
-8.76907370924
-9.98238402173
-9.72526928987
-9.70446969886
-9.50099228569
-9.69768951323
-9.58685623778
-9.92283262167
-9.87063514014
-9.86476079192
-9.66661325363
-9.66871789207
-9.34415729678
-9.9158853011
-9.9158853011
-9.34563772987
-9.9580288922
-8.98570827906
-10.2071073768
-9.89434688556
-9.12755828246
-9.10959637574
-9.56214613386
-9.44672309554
-9.86066353306
-9.5976430104
-9.29735980685
-10.2071073768
-9.83746732736
-9.48651052009
-10.2071073768
-9.36441403287
-10.2071073768
-10.2071073768
-9.93814439341
-9.33331338594
-10.2071073768
-8.27756774331
-9.91942530431
-9.61034568263
-8.60413118874
-8.21661656222
-9.6467801501
-9.41889591176
-9.71702203415
-8.88394067435
-10.2071073768
-8.41696959247
-9.50591957464
-8.62091808457
-7.88667543191
-7.68628814429
-8.11182434036
-9.49062635789
-9.92283262167
-9.70442333436
-9.46314112316
-8.49176009039
-9.86476079192
-9.3593354068
-9.07011071278
-9.56640891916
-9.42521147908
-8.82731238104
-9.22581049715
-9.87063514014
-9.06726040226
-9.53265970395
-9.89584425684
-9.14346616876
-9.11891427002
-9.52345466329
-9.14547343621
-8.62067152407
-8.13979631514
-8.44143893651
-9.08777431629
-8.97338813865
-9.32917209857
-9.17034029495
-9.79076973643
-8.46694748977
-10.2071073768
-10.2071073768
-9.39883984196
-10.2071073768
-9.77888812958
-9.6737887515
-9.87619896794
-9.9580288922
-9.91220356624
-9.35110300011
-9.82088997581
-7.44888110185
-9.62774488497
-9.06287126809
-9.71702203415
-10.2071073768
-9.46393719066
-8.91047635485
-8.96503620363
-9.56168019073
-8.00704159568
-9.47031530339
-10.2071073768
-9.79076973643
-9.55666010942
-7.97078014901
-9.36980380603
-10.2071073768
-9.88147931231
-9.1502448304
-9.68595787612
-9.37457997942
-8.73812717107
-8.07290339976
-7.84253557643
-9.88649998607
-9.72863728897
-10.0064366813
-9.35862344102
-9.02540509056
-10.2071073768
-9.54297249139
-9.51662838155
-9.19905068117
-7.0838933911
-8.00297257267
-9.92283262167
-10.2071073768
-9.82947162607
-8.66461720102
-9.2346670526
-10.2071073768
-9.12908039382
-9.67749613301
-9.42490512459
-9.42354101002
-9.89128205955
-9.50923193316
-9.36970905466
-9.35332525552
-9.96020353666
-9.62283914429
-9.59342903767
-9.41193581754
-8.51770152151
-9.37913234547
-9.85195258477
-9.25461114687
-9.49684623709
-8.49884183091
-9.05921677838
-9.56499355158
-9.59808956254
-9.63355670636
-9.41653241796
-9.67230738002
-9.82088997581
-9.93814439341
-9.24171815355
-9.16709326466
-9.28177284103
-9.46068296676
-10.2071073768
-9.52534967619
-9.68777360721
-10.2071073768
-9.23077225705
-9.01841798614
-10.2071073768
-7.93424754545
-9.06901628524
-9.2948900395
-9.71702203415
-9.05124196792
-8.22577903026
-8.64067093228
-9.35318265944
-9.82947162607
-9.34423802517
-9.03105462392
-9.27395854591
-9.69124944667
-10.2071073768
-6.90661971624
-9.84494248388
-8.24481799858
-9.13980892431
-8.45853461172
-9.32804923497
-9.60903805348
-9.11589487494
-9.75136098236
-10.2071073768
-9.32434742435
-8.95946134652
-10.2071073768
-10.2071073768
-9.85195258477
-9.42146469096
-9.62035324641
-9.88147931231
-8.7127134294
-9.70148296198
-9.76582464958
-9.42002202471
-9.76582464958
-9.50421100741
-9.87063514014
-9.25135229093
-9.95112498473
-9.0702071193
-9.67143228981
-8.4555335804
-8.78756238738
-8.44145688112
-9.85195258477
-9.13763980082
-7.98617731326
-9.68595787612
-8.87614689984
-8.34807704446
-9.52356706834
-9.0977002536
-9.44574514401
-9.77888812958
-9.21870573674
-10.2071073768
-9.60025380003
-10.2071073768
-10.2071073768
-10.2071073768
-9.23770303482
-10.2071073768
-8.71037219157
-9.73521634905
-9.58851958548
-10.2071073768
-10.2071073768
-10.2071073768
-9.88649998607
-9.02587499248
-10.2071073768
-8.9015941832
-9.94868632863
-8.7995123946
-8.89339147301
-8.96228563728
-9.08809459673
-8.56668252511
-9.79076973643
-9.80136720744
-9.07243776158
-9.92283262167
-10.2071073768
-9.03310557282
-9.72178724164
-9.3265557123
-9.19663163763
-9.80164226866
-7.9322331214
-10.2071073768
-9.39201809477
-8.01215226678
-6.58603899646
-8.56781419985
-8.85312866576
-8.52238111332
-8.94130105756
-9.94868632863
-8.8846580243
-9.09693718285
-8.89682743814
-5.79432577556
-10.2071073768
-9.82947162607
-9.44138042428
-9.90020328373
-9.22750073808
-10.2071073768
-9.73521634905
-8.42851679491
-4.40179541005
-9.65299953996
-7.889643341
-8.5636460189
-9.59452200511
-9.5293810193
-9.56774752009
-9.57154912213
-9.45707361285
-9.60267002706
-8.6614504749
-9.60351951604
-9.09081126084
-10.2071073768
-10.2071073768
-10.2071073768
-8.01530352509
-9.82947162607
-9.38726892148
-9.46796234375
-9.87063514014
-9.5264229106
-9.69674130996
-8.88484991562
-9.91942530431
-9.39580502022
-10.2071073768
-9.95579294848
-10.2071073768
-9.07291472413
-9.85854507179
-9.71370399312
-9.77888812958
-9.60555045225
-9.88649998607
-9.0703202956
-10.2071073768
-8.7670129228
-9.10432239504
-9.23163886063
-10.2071073768
-10.2071073768
-9.60019575802
-9.97742613102
-9.0951222611
-8.71600826163
-9.6515012337
-6.67058187323
-9.59000282829
-9.88649998607
-9.93528984039
-9.29911245368
-9.1848020881
-9.12728574976
-8.98489010997
-9.3255942474
-9.52254976481
-10.2071073768
-10.2071073768
-9.980768732
-9.40589979668
-9.88649998607
-8.89266752307
-8.51500434583
-8.21376848522
-10.2071073768
-9.89584425684
-8.42940273017
-7.97774155066
-9.77888812958
-9.12276328891
-8.16944386378
-9.85195258477
-10.2071073768
-9.6190537693
-9.06525444709
-10.2071073768
-9.08976711041
-8.43032030738
-9.67655469292
-9.93528984039
-9.64431625338
-10.2071073768
-9.24323706514
-10.2071073768
-8.2078426992
-9.17096567789
-8.71112704177
-9.4263777778
-9.19336717438
-9.35576091779
-9.50053674124
-9.84494248388
-8.58453336383
-8.55405822794
-9.90837015436
-9.71141684227
-9.51932665661
-9.0419471854
-8.93883665005
-10.2071073768
-9.49603102031
-9.55145365691
-10.2071073768
-9.88649998607
-9.51841535122
-9.41622438015
-9.72597511497
-9.59226288029
-9.75512225302
-7.48783595855
-9.29304601681
-9.4435262338
-9.71750193396
-9.5271363488
-7.69483462598
-9.01084647848
-8.06411441472
-9.26115891774
-10.2071073768
-9.60406060669
-10.2071073768
-9.15740516341
-7.81392565334
-9.82947162607
-9.91942530431
-9.21895773925
-9.57691891362
-8.54748218617
-10.2071073768
-10.2071073768
-7.39487695928
-9.9158853011
-9.82088997581
-10.2071073768
-9.67230738002
-10.0256132972
-9.30447459387
-8.95512219258
-8.20475151815
-8.87672416592
-8.65428442071
-8.53162986056
-9.82947162607
-8.07148923098
-9.13519991849
-9.51677460429
-10.2071073768
-9.56207692898
-9.31695287329
-8.36555008113
-9.82088997581
-10.2071073768
-10.063610375
-9.62104822002
-9.29495232969
-9.89584425684
-9.50596270618
-9.36617452817
-10.2071073768
-9.81164462581
-9.38573628855
-10.2071073768
-9.41146284644
-8.96179731174
-10.2071073768
-9.72326040914
-8.99571726153
-10.2071073768
-9.95349271359
-9.22846993687
-8.53018600627
-9.64410934591
-9.76582464958
-10.2071073768
-9.77888812958
-9.46299155233
-9.42739684891
-10.2071073768
-8.98542328082
-10.2071073768
-9.42309233389
-10.2071073768
-9.02457446243
-9.93233748436
-10.2071073768
-8.90379499896
-8.18137703076
-8.30082230605
-10.2071073768
-10.2071073768
-10.2071073768
-8.61937892146
-9.26555966254
-9.58425261337
-9.65386184472
-10.2071073768
-10.2071073768
-9.99677976437
-10.2071073768
-9.08039737395
-9.61498210567
-9.75136098236
-9.980768732
-9.85854507179
-10.0138452895
-8.84012145809
-10.2071073768
-7.3611041613
-9.76582464958
-9.85195258477
-9.70797342764
-10.2071073768
-8.27706247843
-9.13638695369
-10.2071073768
-9.56822513709
-10.2071073768
-9.7848649073
-9.08386156111
-9.65201752527
-10.2071073768
-9.75707221162
-8.1042056924
-8.89830505829
-7.81331724798
-9.69523532898
-9.50579473476
-10.0138452895
-9.61455060697
-7.73605358178
-9.42761143279
-9.33637823634
-10.2071073768
-9.50834052636
-10.2071073768
-8.37674103772
-9.96231968058
-9.94090652705
-9.12709875968
-8.0417637518
-9.7091947438
-8.04641422283
-8.58798821316
-9.16651921014
-9.39094333542
-9.18756104248
-9.48887114595
-9.20628801716
-9.15646621046
-9.43074481049
-7.61325800236
-9.88649998607
-9.40312264705
-9.59226288029
-8.59288554565
-9.64390325984
-9.58148286568
-9.51244999256
-8.36165256068
-9.66951571288
-6.68000884358
-10.2071073768
-9.38289692502
-10.2071073768
-10.2071073768
-7.98194050891
-9.9739241
-10.2071073768
-9.24717626741
-9.95349271359
-9.37023702685
-10.2071073768
-9.5832966604
-9.98238402173
-8.65322018139
-8.21864554503
-10.2071073768
-10.2071073768
-9.61844101439
-9.96638678904
-9.92611550217
-9.07974704964
-9.68742787734
-9.80164226866
-9.68650416392
-8.66193220845
-9.21898309267
-10.2071073768
-9.1719814797
-10.2071073768
-9.5408523369
-10.0167705554
-9.57135980736
-8.62612657186
-8.95078467089
-8.7984818452
-8.95773949069
-7.6374333745
-9.38319051715
-9.46246726402
-10.2071073768
-9.47324014604
-10.2071073768
-9.33058571988
-9.36222138088
-10.2071073768
-8.67060375723
-8.4770072619
-9.73409541815
-10.2071073768
-8.2198347259
-10.2071073768
-8.1797254814
-8.62179287769
-9.83746732736
-9.23979603863
-9.87063514014
-9.89128205955
-7.73714964828
-9.9580288922
-9.06455278564
-10.2071073768
-9.32109522151
-9.87063514014
-9.34363081043
-9.66899894003
-9.21254035509
-4.52193129917
-4.86748911906
-4.75243259744
-3.55322082937
-9.31761786995
-9.63163822131
-10.2071073768
-8.89625022945
-9.61830531753
-9.62477401759
-9.03149074194
-9.696281753
-10.2071073768
-9.41581941751
-9.94617305957
-10.2071073768
-9.26391702382
-8.93418560875
-9.80152763725
-9.38601181522
-9.2402466923
-8.98222060666
-8.97599285653
-8.64263798489
-5.90019634146
-9.03824165906
-9.95579294848
-9.00524341402
-9.55573586525
-8.66957243646
-9.90837015436
-10.2071073768
-9.696281753
-9.71702203415
-9.18381362099
-9.90020328373
-10.070265245
-9.08043404279
-9.71693119393
-7.64840801381
-9.16543626646
-8.95289864181
-9.21335279072
-9.5139601962
-9.94090652705
-10.2071073768
-9.88147931231
-7.9805051467
-9.23406315008
-8.61479467877
-9.07190248416
-9.37398703392
-9.5681908578
-9.32229743679
-10.2071073768
-9.86476079192
-7.82839528498
-4.9096309899
-9.64987912087
-9.75136098236
-9.31780698612
-9.35616671857
-9.49510966895
-9.44596493388
-8.59690438667
-9.05019865026
-9.57963452963
-9.13323566874
-9.76582464958
-10.2071073768
-9.43457905112
-9.25862642954
-7.32894661855
-9.00288855404
-9.80164226866
-9.15168713628
-9.595017414
-9.80164226866
-8.91575261466
-9.51322595104
-9.77888812958
-8.29768957308
-9.59710731219
-9.12851386547
-9.60464478527
-9.26427966271
-8.27315916978
-9.60902187024
-9.55399758686
-9.25772068128
-9.41444926176
-9.73831585089
-9.55029801036
-10.2071073768
-9.11253992935
-9.17951053212
-10.2071073768
-10.2071073768
-8.86864521479
-7.67921539535
-9.82088997581
-10.2071073768
-8.48306946474
-8.55663260909
-8.51116951157
-9.14516083491
-8.22561556442
-10.2071073768
-10.2071073768
-10.2071073768
-8.61038600902
-8.82564207704
-8.84915096207
-8.47587468657
-10.2071073768
-8.93583437484
-9.56113550679
-9.59040782183
-8.92207737936
-7.58791192212
-10.2071073768
-8.80827258379
-9.40719705568
-8.10465018898
-9.39170268443
-10.2071073768
-9.1960130473
-9.94090652705
-9.50983513042
-8.99382612886
-10.2071073768
-9.75136098236
-9.71261622594
-9.28102553054
-10.2071073768
-9.29424008295
-9.51728875393
-9.1401035612
-8.67107756025
-9.77888812958
-9.6680513006
-9.73521634905
-9.82088997581
-10.2071073768
-8.28071635033
-9.56899696896
-9.91220356624
-9.21302126753
-10.2071073768
-10.2071073768
-8.91907361726
-9.27520812733
-8.32626047993
-9.97024930732
-9.68003687276
-10.2071073768
-9.74110367496
-9.26536829851
-9.28748443347
-9.76582464958
-9.68336455323
-5.72937701745
-9.46815159214
-9.94991474676
-9.14524037224
-7.12927517307
-9.63355670636
-9.27000295382
-10.2071073768
-8.34929893108
-10.2071073768
-10.2071073768
-7.30951699733
-9.15513078222
-9.80164226866
-10.2071073768
-9.61844101439
-8.66425886231
-10.2071073768
-9.33847471221
-9.2680907488
-9.77888812958
-9.9580288922
-9.57305600888
-9.49551854242
-8.88056022276
-8.48976982797
-9.5285875237
-9.94090652705
-9.85854507179
-9.38759251297
-9.82088997581
-9.48322658953
-9.73521634905
-9.80164226866
-9.45874850193
-9.4986590147
-9.71194069306
-9.88649998607
-9.43636615322
-7.81711158316
-9.02252331667
-10.2071073768
-9.63260892587
-7.62409646045
-9.49769540842
-7.79323491851
-8.25533725628
-10.2071073768
-9.05472225452
-9.0091921709
-10.2071073768
-10.2071073768
-8.58703164149
-8.7220058362
-9.66151197208
-9.82088997581
-8.27183106604
-10.2071073768
-9.42852692925
-4.3538450642
-9.65803057557
-8.8646328598
-8.86600112915
-8.91576440481
-9.27281270935
-9.67757243079
-9.35407646511
-9.77618563282
-9.72601838229
-8.5428870651
-9.83746732736
-7.50161732468
-9.30183006359
-8.51983888182
-10.2071073768
-9.4122925972
-9.2316247145
-9.89128205955
-10.2071073768
-10.2071073768
-10.2071073768
-9.0050238947
-10.2071073768
-9.32010456978
-10.063610375
-8.70703883693
-8.0274223753
-8.28836933592
-9.39499406224
-10.2071073768
-9.59226288029
-9.47718720844
-7.15092043437
-9.48215969035
-9.3475488108
-9.77888812958
-9.94090652705
-8.4596415762
-9.39330930947
-9.5772709272
-9.56072164348
-9.5976430104
-9.40372876134
-10.0431414576
-9.74513526789
-9.73515685039
-9.45255998266
-9.05053349904
-10.2071073768
-8.46832456067
-8.97002807638
-8.81219946771
-10.2071073768
-9.51623045064
-9.45067829189
-9.92611550217
-9.17799277116
-9.65492125481
-9.03915966856
-9.41367132243
-9.73521634905
-10.0097183317
-10.2071073768
-9.49071543057
-3.90141843803
-3.97054630959
-5.84801541411
-4.69777087023
-5.57059875131
-4.3784228187
-5.74163526392
-4.48135723441
-10.2071073768
-8.91178866457
-9.34597774147
-10.2071073768
-8.3877505547
-10.2071073768
-8.96064545158
-7.25280588455
-9.66306254288
-10.2071073768
-10.2071073768
-9.58851958548
-9.55616374582
-9.95349271359
-9.2889164359
-7.95243121594
-9.85854507179
-8.36731529396
-8.92870338634
-8.73115444911
-8.94466550657
-9.97569584205
-9.5976430104
-10.2071073768
-9.15032432108
-9.15623291491
-9.43338656612
-9.9158853011
-8.2190928904
-8.33114867454
-9.93814439341
-10.2071073768
-10.2071073768
-9.63887262664
-8.69033805187
-9.06001924637
-10.2071073768
-9.73521634905
-9.9158853011
-8.08085468437
-8.37093782324
-7.30815401049
-9.5976430104
-9.11817411191
-9.16814142298
-9.75136098236
-9.47667399013
-9.47031530339
-9.79076973643
-9.36343676971
-6.98138163995
-9.79076973643
-10.2071073768
-7.94416280797
-9.46805688724
-9.62838834074
-9.50566039615
-9.5947993492
-10.2071073768
-9.15746217048
-9.21152943669
-7.44291341582
-7.59843487
-8.59475795592
-8.0634532649
-9.45374242924
-10.2071073768
-9.79076973643
-9.71702203415
-9.29127382949
-9.5264229106
-9.93528984039
-9.403193194
-9.44933970316
-9.56286999982
-10.2071073768
-8.82717560214
-6.90484951283
-9.47546212027
-9.13503603592
-9.4120728907
-10.2071073768
-10.2071073768
-9.19231970023
-9.92928148658
-9.24236113933
-9.59361505831
-7.99858060796
-9.94090652705
-9.66661325363
-9.97024930732
-9.48212887871
-9.52701815421
-9.94617305957
-9.51284975967
-9.79076973643
-10.2071073768
-9.62577510535
-9.89128205955
-6.9941671415
-8.82383483737
-8.58052372763
-9.62791806767
-10.2071073768
-10.2071073768
-10.2071073768
-9.63069686066
-9.06187112056
-9.378560288
-9.88649998607
-9.13872227713
-8.68997838889
-7.32411747136
-9.67230738002
-7.63338444314
-9.77888812958
-10.2071073768
-10.2071073768
-9.0537931448
-9.12871868431
-10.2071073768
-8.35201126674
-8.85842724358
-9.05669407564
-7.41060448972
-9.94868632863
-9.08005095884
-9.03531146425
-9.94617305957
-8.76006786334
-9.55550218095
-8.35402437135
-9.87063514014
-9.28696676211
-8.65273085433
-9.63822696227
-8.69027772055
-9.47742230459
-10.2071073768
-9.86169769939
-8.95512225141
-8.44431556489
-6.94859500111
-9.96231968058
-10.2071073768
-6.53237599984
-8.42736486375
-10.2071073768
-8.33320349466
-9.42599826757
-10.2071073768
-9.81164462581
-9.3304495516
-9.88649998607
-9.89128205955
-9.76582464958
-9.33308387439
-9.76582464958
-9.75136098236
-8.57222985163
-10.0075493483
-9.49769540842
-8.90917753217
-9.85195258477
-9.62216702972
-6.75549666312
-9.03550692434
-8.34755288131
-9.61824961482
-10.2071073768
-9.67655469292
-8.54831171559
-8.7521120576
-7.75657867949
-10.2071073768
-9.79393859786
-9.71732273381
-9.01490111274
-10.2071073768
-9.61135240251
-10.2071073768
-10.2071073768
-10.2071073768
-9.57691891362
-9.6054298227
-9.17827378854
-7.79836936023
-9.88649998607
-9.83746732736
-8.97688781072
-9.80164226866
-8.33142325052
-9.60903805348
-10.2071073768
-9.89128205955
-7.20353921562
-9.60608653813
-9.52001706777
-9.90020328373
-9.90437410115
-9.88649998607
-9.80164226866
-7.69920254776
-9.67230738002
-10.2071073768
-9.93233748436
-10.2071073768
-10.2071073768
-7.02407194818
-9.49189575474
-10.2071073768
-9.63038247567
-9.92928148658
-9.51349208298
-10.2071073768
-8.85568704142
-10.2071073768
-9.07050646793
-7.60742761838
-9.33859265975
-9.17718945355
-8.91051224172
-9.17528851204
-9.90837015436
-9.07846671321
-8.44267377798
-10.2071073768
-9.89128205955
-8.10384622407
-5.97915448406
-9.9158853011
-9.45681839934
-6.64058761059
-8.6559704413
-9.01554127492
-9.71286791586
-9.82947162607
-10.2071073768
-8.99929385087
-9.22897559763
-8.92307010106
-9.96020353666
-9.88649998607
-8.71114183767
-7.13486740568
-8.8545081486
-9.82947162607
-7.60013747466
-9.71141684227
-9.77888812958
-6.99279814381
-10.2071073768
-7.71725656504
-8.42322319152
-10.2071073768
-9.39536725622
-9.41076737585
-9.45793455292
-9.82947162607
-9.84494248388
-9.49534044857
-9.11091508303
-9.48553762799
-8.3288159203
-9.46043981196
-9.95112498473
-8.11124102081
-9.41900933595
-9.82088997581
-8.65359641463
-4.26280434207
-8.88781056629
-8.40272773915
-8.56044971169
-8.41819038598
-8.4695710284
-6.656919462
-9.46915559052
-9.73521634905
-9.40840785417
-9.6833188778
-9.26031224922
-10.0097183317
-9.39458655043
-9.40357048663
-6.67503990632
-10.2071073768
-10.2071073768
-9.05489851858
-9.96020353666
-9.90437410115
-10.2071073768
-9.95349271359
-9.85195258477
-9.36181092468
-8.86753807726
-10.2071073768
-8.14479319174
-10.2071073768
-10.2071073768
-9.474898569
-10.2071073768
-9.24753902425
-9.66770563738
-9.85854507179
-9.28098996433
-10.2071073768
-8.15808898339
-7.46671026514
-9.58457753406
-8.95472836563
-7.96262750038
-10.2071073768
-8.84554897199
-9.90020328373
-9.43377379923
-8.43566250157
-9.24426428784
-10.2071073768
-10.2071073768
-9.87619896794
-9.6165483691
-8.77677805636
-4.36785211121
-8.72239733868
-9.72767168382
-9.08189522241
-9.67576535138
-9.89128205955
-10.2071073768
-9.30742115279
-7.83579207142
-9.33593442127
-9.55870291002
-9.43232063768
-9.63490511643
-8.6380104539
-9.82088997581
-9.81026924689
-6.00855814618
-9.51677460429
-8.51188389134
-7.86957202398
-8.59429522557
-9.58897371657
-9.72010491854
-9.53941341757
-8.60177241621
-9.33406350788
-9.3663243324
-9.80164226866
-9.89128205955
-9.48881877541
-10.2071073768
-8.94978898844
-8.96531670846
-10.2071073768
-9.15942241861
-10.2071073768
-9.65433684889
-9.71437014642
-9.56375171979
-9.58273179314
-9.1337137405
-10.2071073768
-9.5264229106
-8.83439915203
-9.03681507211
-9.42761143279
-10.2071073768
-8.91584797404
-9.89584425684
-9.70502299374
-10.2071073768
-9.29655287167
-10.2071073768
-9.62201533095
-10.2071073768
-9.68296227335
-9.03938180996
-9.1302279898
-9.89128205955
-10.2071073768
-9.46641425464
-7.82298370314
-8.98945281361
-9.38845674307
-10.2071073768
-7.6918525816
-7.8067974868
-9.16782376927
-9.41398274085
-9.87063514014
-10.2071073768
-10.2071073768
-8.26042646083
-10.0310972873
-9.61135240251
-8.68938332487
-8.54373415339
-9.66418428567
-9.32647883398
-9.67230738002
-9.73013625236
-9.41054116117
-8.35650734693
-10.2071073768
-10.2071073768
-10.2071073768
-10.2071073768
-10.2071073768
-8.7251175095
-9.45561775781
-8.94998463755
-9.77888812958
-9.76808086275
-9.82947162607
-7.98074438086
-9.07660437761
-9.22683473625
-9.55236528569
-9.3677690604
-9.69629798857
-9.73521634905
-9.29919428729
-9.56640891916
-10.2071073768
-9.70750279254
-9.48967954786
-9.51128864441
-8.7350508681
-9.28862674522
-10.2071073768
-9.53596259809
-9.18391058381
-8.98238934334
-9.13575042545
-8.773153
-9.4708974172
-10.2071073768
-8.32464053217
-10.2071073768
-9.79076973643
-8.58205829188
-9.98550944396
-9.3452890853
-9.85854507179
-9.82947162607
-8.2187713588
-9.87063514014
-9.48324625532
-10.2071073768
-9.22979987655
-9.60902187024
-9.2573543047
-9.85195258477
-9.1776303294
-9.1097321825
-8.32646807251
-10.2071073768
-8.99191677126
-7.91670049833
-8.93726325214
-9.73521634905
-9.12058568377
-8.20550831387
-8.81452995233
-9.5849001103
-5.89116703616
-7.80957406659
-8.90655293293
-9.44421586407
-10.2071073768
-9.01416081041
-9.88138644815
-8.91111813033
-7.87356042875
-9.22461763393
-8.94264745752
-9.75992754635
-9.51954386312
-9.04870474596
-8.53803390241
-9.55399758686
-9.44684163124
-10.2071073768
-9.16397678795
-9.09762255587
-7.98047272906
-10.2071073768
-8.25729900388
-10.2071073768
-10.2071073768
-8.51801954028
-8.12973960638
-9.88649998607
-5.76871210484
-9.75136098236
-8.45884442035
-9.76582464958
-9.33699825642
-9.88147931231
-10.2071073768
-7.74982277226
-9.76582464958
-9.84494248388
-9.60290508927
-9.22455109291
-10.2071073768
-8.93967285639
-9.41551813635
-10.2071073768
-10.2071073768
-9.52222068213
-9.595017414
-9.49160937487
-9.32573378974
-9.70148296198
-8.56638005606
-9.63411392403
-8.77923674464
-9.55573586525
-10.2071073768
-10.2071073768
-10.0310972873
-7.9235273418
-9.21826742087
-8.9503526888
-9.61115077315
-9.46351191538
-9.63762615106
-8.54604088283
-9.61824961482
-8.4141228679
-9.08128795693
-9.51103937743
-9.28692062329
-9.79076973643
-9.12439926473
-10.2071073768
-8.53545514932
-9.06003641935
-10.2071073768
-10.2071073768
-4.67077476891
-8.21340899165
-10.2071073768
-10.2071073768
-7.4057589707
-9.70309811526
-9.54132960455
-7.71785759989
-10.2071073768
-10.2071073768
-9.17908702336
-10.2071073768
-9.31081626923
-8.89686906876
-9.26501178293
-10.2071073768
-9.28160774007
-9.65478374885
-10.2071073768
-8.02924087621
-9.40513811734
-10.2071073768
-8.74108219752
-9.67230738002
-8.22334075882
-9.42634035743
-10.2071073768
-8.58774774241
-9.92611550217
-5.40841826726
-9.87063514014
-9.75872946778
-10.2071073768
-8.59298558517
-9.37295749861
-9.1823679872
-8.43162914258
-9.4435262338
-3.50555856623
-8.33164518626
-9.27001906446
-9.57337577069
-5.57457927611
-9.93814439341
-9.19037093799
-10.2071073768
-10.2071073768
-9.37879725103
-7.23119053663
-9.29206189559
-10.2071073768
-9.71702203415
-9.09126018844
-8.96978221452
-8.3079577898
-9.09930065624
-9.09930065624
-9.70576219851
-10.2071073768
-9.76582464958
-7.57580625281
-9.20661744213
-10.2071073768
-10.2071073768
-10.2071073768
-9.31902146676
-9.31265531554
-9.7998991198
-9.91942530431
-9.3304495516
-10.2071073768
-9.56635588671
-9.07832234282
-9.93814439341
-9.00165681186
-7.19981382861
-8.34605404407
-10.2071073768
-9.6605654738
-9.87063514014
-8.90817445984
-8.91666903373
-9.88649998607
-10.2071073768
-9.27532238488
-9.20118554249
-10.2071073768
-10.2071073768
-8.85341857995
-9.19464803474
-9.36943091738
-8.39130250206
-9.43053042625
-10.2071073768
-10.2071073768
-7.77651644604
-9.94090652705
-9.18936157997
-9.8223386514
-9.90437410115
-9.19034076717
-9.38326928121
-10.2071073768
-8.96100388862
-9.98238402173
-9.47628001642
-9.28541857513
-9.93814439341
-8.44617319788
-8.26047563962
-10.2071073768
-7.56136240516
-9.04711726381
-9.1852622753
-9.4545985564
-9.69306761342
-10.2071073768
-8.70053284916
-10.2071073768
-9.48487561066
-10.2071073768
-10.2071073768
-9.39708632132
-9.59246011015
-9.60902187024
-10.2071073768
-7.94862456315
-9.57468742512
-8.82893295885
-7.81623190842
-10.2071073768
-10.2071073768
-10.2071073768
-9.39135386791
-9.87063514014
-9.61044067641
-9.61407547957
-9.15052273163
-8.29600147521
-9.16204581513
-9.35160134338
-9.23898766432
-9.99932918414
-8.79835487239
-9.1020967321
-9.88649998607
-9.18185876341
-10.2071073768
-8.1591924663
-9.75136098236
-10.2071073768
-9.77888812958
-9.86476079192
-9.99276587256
-10.2071073768
-9.54921000924
-7.93731311631
-9.27093341642
-8.0558625422
-8.97589427468
-9.41989527021
-9.03740458827
-9.32890143871
-9.6605085327
-9.5976430104
-9.62774488497
-9.25156005766
-8.0510934866
-9.31735826045
-8.29479554911
-7.80961156496
-9.99137384704
-8.32486394692
-9.77888812958
-9.48298589145
-7.55911579048
-9.24314847335
-9.3339026614
-8.16125895141
-8.62017137954
-8.94905001479
-9.00830000872
-9.38746440229
-9.58669362438
-9.50099228569
-9.21316271808
-9.90020328373
-9.49563836076
-10.2071073768
-9.14401820545
-9.15390962575
-9.65646196092
-9.49617904672
-8.05674636409
-10.2071073768
-9.81164462581
-9.89584425684
-9.68440980057
-9.95579294848
-9.43796290807
-9.08990193739
-9.43936025936
-8.67544378708
-8.8166611715
-9.43945562417
-10.2071073768
-9.76176278934
-9.82947162607
-9.97911658443
-10.2071073768
-9.02654375598
-9.00623207915
-9.32008880805
-9.1038482908
-8.67515427418
-9.37500623363
-9.27276715101
-9.49150430729
-7.72736770093
-9.58471800653
-10.2071073768
-9.82947162607
-9.87619896794
-9.80164226866
-9.64501028871
-9.93233748436
-9.09208826541
-9.73071270618
-10.2071073768
-8.49741841055
-9.85195258477
-10.2071073768
-9.82088997581
-9.97210919296
-8.9234496887
-8.80929332794
-9.21834674729
-10.2071073768
-9.08191823132
-10.2071073768
-9.85854507179
-10.2071073768
-9.99677976437
-9.43533605229
-10.2071073768
-8.97223130942
-9.36344362775
-10.2071073768
-8.97284730263
-9.93814439341
-8.72407858533
-8.60630044882
-9.41481583133
-9.76902280757
-9.66443674229
-10.2071073768
-9.40094084289
-10.2071073768
-10.2071073768
-9.93528984039
-9.98850300097
-9.61859929654
-9.22632205811
-8.75467918128
-9.45124835043
-9.36740294169
-9.17472719565
-9.98550944396
-9.01342660548
-9.37577651504
-7.95486714748
-9.54462541682
-10.2071073768
-9.24414615996
-9.10349912372
-9.87063514014
-9.28060557159
-9.82947162607
-9.82088997581
-8.77278520095
-10.2071073768
-9.3963875274
-9.32746863788
-8.36251690465
-9.14305717809
-8.4763833458
-9.88147931231
-9.20461464844
-8.82159505929
-10.2071073768
-9.51100107641
-10.2071073768
-9.00796335039
-9.36228406747
-9.88147931231
-9.46472900818
-9.90837015436
-7.68320755569
-9.64224218875
-9.17702437945
-9.37505101225
-9.15289471618
-9.9580288922
-9.63069686066
-10.2071073768
-9.31872602004
-9.94090652705
-10.0097183317
-9.46094251312
-9.82088997581
-9.62225868223
-9.27483552793
-9.04296084678
-9.83205820873
-8.89520627193
-9.38289097717
-10.2071073768
-9.64786014281
-9.83746732736
-8.63417089241
-9.54240971425
-9.93814439341
-10.2071073768
-9.87619896794
-9.54297249139
-10.2071073768
-9.81164462581
-9.20614730368
-9.27299932471
-9.40218891749
-7.4377949978
-10.2071073768
-10.2071073768
-8.96597298434
-9.58457753406
-9.96834251988
-8.20604311911
-9.73464338631
-9.82947162607
-10.2071073768
-9.73087674974
-8.6280058985
-8.84435817118
-8.25176021852
-8.96162219484
-9.47755358698
-8.52961120783
-7.8234245622
-9.95349271359
-8.24968273814
-8.57253854007
-9.45685858132
-10.2071073768
-10.2071073768
-8.75959491011
-9.27420471988
-9.99276587256
-9.95579294848
-9.16309914711
-10.2071073768
-9.56092168093
-9.54840421624
-9.83806686834
-7.44081363725
-9.83746732736
-8.6355532207
-9.01445195078
-8.27217334361
-9.4382504781
-7.01643060535
-8.93305450623
-7.2646654535
-10.2071073768
-7.65678644912
-9.096529374
-8.81278836488
-8.83383256047
-9.76902280757
-10.2071073768
-8.70007995748
-9.3430610154
-8.49767256717
-10.2071073768
-9.87619896794
-9.72593714563
-9.86476079192
-9.67530234315
-10.2071073768
-9.25724255981
-9.81164462581
-9.11696083287
-9.77100633509
-8.83058517046
-7.00721805116
-8.15487242325
-9.13838228474
-7.62369373666
-8.729947813
-8.59117061424
-9.28576512529
-9.51300375787
-9.82088997581
-10.2071073768
-8.92144942114
-9.49603102031
-10.2071073768
-8.90194347615
-10.2071073768
-9.07723019568
-9.16132419899
-8.98373962336
-9.3505571291
-9.39933859099
-9.83746732736
-9.54240971425
-9.696281753
-9.63730707745
-4.21715869917
-8.72294966876
-9.86476079192
-9.97024930732
-9.66220336845
-9.69764400209
-9.71105320052
-8.28510081436
-9.94617305957
-7.72635772
-9.19476787512
-9.17625232225
-9.39797376663
-9.83746732736
-8.96156875139
-8.75926084077
-9.5792376419
-10.2071073768
-8.53600385389
-4.29732390245
-8.74917522662
-9.5664965004
-9.6034484702
-9.24888683256
-9.56113550679
-10.2071073768
-9.33921251616
-9.9739241
-10.2071073768
-10.2071073768
-9.45920332
-9.92928148658
-9.60217877556
-9.21494127476
-10.2071073768
-9.87063514014
-9.02215150866
-9.4708557177
-9.102036645
-9.66868389142
-9.09211750257
-9.26740864784
-8.38594462661
-8.76254766654
-9.46237947955
-9.54070795146
-9.48979098026
-9.19054942468
-8.72563655804
-7.97096638718
-8.79770249617
-9.92283262167
-8.78910637824
-9.06049214923
-9.28417537094
-9.29748066727
-9.63887262664
-9.89584425684
-9.27622695907
-8.73454667015
-10.2071073768
-9.27910778455
-10.2071073768
-9.30232075583
-10.107286679
-9.54864446942
-9.89584425684
-9.17333412245
-9.25630651678
-9.50579473476
-9.86476079192
-8.88699997188
-9.32477015587
-9.86476079192
-9.7124810795
-10.2071073768
-9.04790330966
-10.2071073768
-9.56640891916
-9.57397659977
-9.7974857049
-9.28030852012
-9.41826505219
-9.95349271359
-9.0103847784
-9.37952176563
-9.42894164615
-7.78809428967
-7.42970783271
-7.81472408502
-9.52145256903
-8.69768926914
-8.75025262053
-7.61912173351
-8.44100908968
-9.00627359555
-9.79827133352
-10.2071073768
-10.2071073768
-9.76684206159
-9.83746732736
-10.2071073768
-9.20651865046
-8.6399642105
-9.56457058753
-8.02824051875
-9.35556283981
-9.35401869375
-10.2071073768
-9.75147992404
-10.2071073768
-9.30756135321
-9.36983785737
-10.028027623
-8.78565642824
-9.05418328801
-9.5817995242
-8.933274512
-10.2071073768
-10.2071073768
-10.2071073768
-8.73726581752
-8.65933572574
-7.46449778918
-9.37017977423
-8.89620242855
-9.1451569414
-9.63210629478
-10.2071073768
-9.73521634905
-10.2071073768
-9.82088997581
-9.92283262167
-10.0318395919
-10.2071073768
-9.85854507179
-10.2071073768
-9.4221266317
-9.0915342089
-9.19008942148
-9.31596839075
-9.94617305957
-9.47579102535
-10.2071073768
-9.65822343086
-10.2071073768
-10.2071073768
-8.95525590433
-10.2071073768
-8.72983450021
-8.55687504038
-7.26577307096
-9.37266972881
-9.36379645821
-9.11440126162
-9.37213570957
-10.2071073768
-9.15791256134
-8.53986958651
-9.73521634905
-9.16232138768
-8.51760707046
-8.02324427754
-9.40771297998
-9.11600999367
-9.83746732736
-9.89584425684
-9.34994606634
-9.85854507179
-9.9580288922
-9.92283262167
-10.2071073768
-9.00074841045
-9.37407963651
-10.2071073768
-9.01185131109
-9.88147931231
-9.0991026191
-10.2071073768
-8.26577094866
-8.73005970328
-8.68221214217
-10.2071073768
-9.86476079192
-9.41300807549
-6.98249609582
-9.49684623709
-8.91223264855
-9.59005072771
-7.84049267791
-8.51824299788
-9.40312264705
-9.46605945917
-8.18359776709
-9.85854507179
-9.90020328373
-9.09622598653
-9.25680782408
-9.71750193396
-9.29181344641
-9.74112565949
-8.29905461858
-8.62904030339
-9.73425124272
-9.92928148658
-9.59452200511
-10.2071073768
-9.75083879207
-8.94359185134
-10.2071073768
-9.36641042668
-8.7198329882
-9.48323892673
-9.53475927124
-9.32628412707
-9.06177849831
-8.10409661904
-9.92611550217
-9.79076973643
-9.28931708903
-9.81164462581
-9.77888812958
-10.2071073768
-9.89128205955
-9.9158853011
-9.59180303026
-8.84126432865
-9.90020328373
-8.26129821368
-9.20950732949
-8.84750227043
-7.81879902585
-8.09864526251
-9.36915259886
-9.52349790894
-9.87205409203
-9.83746732736
-8.40080158745
-9.76582464958
-9.97024930732
-9.94617305957
-9.67949312659
-9.59040782183
-8.6060044576
-8.892902628
-9.5285875237
-10.2071073768
-9.2263132684
-9.22627812375
-9.97024930732
-10.2071073768
-9.38796671186
-8.74929927057
-9.52351208955
-9.89128205955
-10.2071073768
-8.88622437602
-10.2071073768
-9.12517343561
-10.0064366813
-9.91825805209
-9.65401568067
-9.95579294848
-8.67441893136
-8.8279200217
-9.95349271359
-10.2071073768
-10.2071073768
-9.59151627943
-9.72768560038
-9.88649998607
-9.58630710893
-9.89584425684
-9.06098185724
-9.2272101081
-6.62037246164
-9.4394460219
-8.80718952744
-9.94090652705
-9.91220356624
-10.2071073768
-9.61830531753
-9.09410373723
-10.2071073768
-9.09516236657
-8.84314492686
-9.92928148658
-9.07125952656
-9.98702211168
-9.15596275636
-9.40529224347
-10.2071073768
-9.61222540049
-10.0204654409
-8.59027640741
-9.69730794749
-9.73521634905
-8.76542037671
-9.89128205955
-10.2071073768
-8.28152467198
-9.30669881803
-9.51296534448
-9.39495302272
-6.36623341227
-9.70189253983
-9.79076973643
-9.51208610246
-9.82088997581
-8.5810782792
-8.79900572904
-9.36682168939
-10.2071073768
-9.45347909172
-4.87501407254
-9.81164462581
-9.77888812958
-8.99528866769
-8.9280547723
-9.60902187024
-9.63210629478
-9.2671055061
-9.08206133956
-9.50175307486
-9.83746732736
-10.2071073768
-7.61379390095
-10.2071073768
-9.12160602317
-9.77888812958
-10.2071073768
-10.2071073768
-9.76006795359
-9.18993830402
-10.2071073768
-10.2071073768
-6.59705925438
-9.21280701254
-9.60914786264
-8.9666095147
-9.35881846003
-8.46502143433
-10.2071073768
-8.94253738855
-8.158913293
-7.51646258248
-8.79148939
-8.39154556485
-8.0067188018
-8.2739957396
-9.85195258477
-10.2071073768
-9.59547926855
-8.37311872157
-9.48320252054
-8.89944682484
-9.54820766844
-9.5139601962
-9.84494248388
-9.55399758686
-9.46930346357
-8.72787460345
-10.2071073768
-9.63756451453
-8.28036652116
-10.2071073768
-10.0916398979
-9.65293045236
-10.2071073768
-9.77888812958
-9.54724685912
-8.60267572207
-9.68173349225
-9.32923987947
-6.70447544949
-8.60322154457
-9.89584425684
-9.88147931231
-9.75136098236
-8.75460614952
-9.72640283218
-7.58554699937
-10.2071073768
-10.2071073768
-9.06289321869
-8.64917026681
-10.2071073768
-10.2071073768
-8.74778879856
-9.04120921215
-9.28300970494
-10.2071073768
-9.52145256903
-10.2071073768
-10.0138452895
-6.79552100519
-9.88147931231
-9.44499692202
-8.94998091997
-10.2071073768
-8.9628748414
-8.95309164765
-9.09769542232
-9.26510203715
-8.02550315994
-10.2071073768
-9.41870586251
-9.80164226866
-8.71962026615
-10.2071073768
-7.92994898051
-9.13731956103
-9.48322658953
-9.13597088602
-8.99868985684
-10.2071073768
-9.30020549559
-9.88147931231
-9.59471437511
-8.7141911012
-6.96393645597
-8.33514595097
-10.2071073768
-8.34521666659
-7.63693766012
-9.85854507179
-10.2071073768
-10.2071073768
-9.58487205402
-8.82730135872
-7.92881780364
-9.35710769183
-9.28793359017
-9.5139601962
-8.57390704444
-9.45953226225
-9.50421100741
-9.76582464958
-10.2071073768
-9.09606877256
-9.01948852433
-9.42626197709
-8.75429658441
-8.74389128864
-10.2071073768
-9.85854507179
-9.10455153771
-7.71928141083
-8.3788424423
-5.76975142949
-8.95577009795
-8.2928742891
-7.40373690026
-7.39627645846
-10.2071073768
-9.43805393088
-9.63210629478
-9.24085876518
-9.97024930732
-6.90265717576
-8.43007405693
-8.095787679
-9.75577291731
-10.2071073768
-8.80564536114
-10.2071073768
-9.14556350977
-9.90837015436
-9.44961174881
-8.32426345981
-9.17153016403
-9.3864974575
-9.82088997581
-8.81022099194
-8.43278287136
-8.82862604039
-4.14719910103
-9.60992212631
-9.61833024379
-9.0264010978
-9.38520740051
-7.89390697889
-9.44189662735
-9.04923748752
-9.54430755597
-8.33164572787
-9.45685858132
-10.2071073768
-10.2071073768
-9.17040025281
-8.49538788146
-9.32108948705
-9.515746517
-9.10879497567
-10.2071073768
-9.94617305957
-9.96638678904
-8.52181834996
-9.60347727169
-9.04463265861
-10.2071073768
-9.95349271359
-10.2071073768
-8.393965005
-8.80865652182
-9.5330153741
-9.88147931231
-8.70301693794
-9.37787901763
-9.26416733641
-9.27460265683
-9.90437410115
-8.82356623906
-8.75775940211
-10.107286679
-9.82088997581
-8.33909547665
-9.36878382666
-8.47883645636
-9.92928148658
-9.74415657948
-9.19024542052
-9.4140346391
-9.05723095707
-9.00332104241
-10.2071073768
-9.27677098984
-9.55495243491
-9.56635588671
-8.78222545291
-10.2071073768
-8.21157308278
-9.72355626191
-9.78034219401
-8.6993199712
-9.03481496962
-10.2071073768
-9.5738963241
-9.76582464958
-9.7843488122
-9.80164226866
-9.87063514014
-9.44254572849
-9.30973829551
-10.2071073768
-10.2071073768
-10.2071073768
-10.2071073768
-9.32672323807
-10.2071073768
-9.23490365831
-9.55145365691
-9.61455060697
-8.59379012665
-10.2071073768
-9.40212633871
-9.40222394758
-10.2071073768
-8.59446344256
-9.85195258477
-9.50799402173
-9.63962058467
-8.57957429964
-8.61267350734
-9.40305666383
-8.09552129253
-7.11921320893
-10.2071073768
-9.44054289245
-10.2071073768
-9.57337577069
-10.2071073768
-8.15949171793
-9.80164226866
-9.56774752009
-9.94090652705
-9.45673056668
-9.56110274411
-9.80852390345
-9.07361115287
-10.2071073768
-10.2071073768
-9.8438171502
-9.01690147311
-9.74292602263
-9.21432312502
-10.2071073768
-9.88147931231
-10.2071073768
-9.33933032243
-9.07812563051
-8.87837334092
-9.6016370082
-9.70608410405
-9.82088997581
-9.88147931231
-9.12583156991
-10.0544230116
-8.9003242252
-9.82088997581
-7.85238122261
-9.71702203415
-9.87619896794
-9.30648897013
-8.29229496745
-9.37952176563
-10.2071073768
-9.08253223154
-10.2071073768
-9.49452709068
-10.2071073768
-8.1609724093
-8.94804418534
-10.2071073768
-10.2071073768
-9.35628323473
-9.696281753
-9.86169769939
-9.48322658953
-9.53935807611
-9.82947162607
-10.2071073768
-10.2071073768
-7.97223527807
-9.29537337385
-9.5792376419
-9.87619896794
-10.2071073768
-10.2071073768
-10.2071073768
-9.63624062811
-10.2071073768
-10.2071073768
-9.62210608679
-10.2071073768
-9.68650416392
-9.92199276777
-9.91220356624
-10.2071073768
-9.77888812958
-9.80164226866
-8.89818651771
-9.71702203415
-10.2071073768
-9.71702203415
-9.91220356624
-9.34290824536
-8.50414951013
-8.4125779294
-8.83923859288
-8.11874912849
-9.73424808257
-9.29520819759
-8.57142701908
-8.68501182153
-10.2071073768
-6.65748764577
-9.91942530431
-10.2071073768
-10.2071073768
-9.6236454555
-8.96327786737
-9.90437410115
-9.79076973643
-9.90837015436
-9.5408523369
-9.45579534144
-8.08567965852
-9.83530958001
-9.20500054482
-9.93814439341
-10.2071073768
-10.2071073768
-9.35972670893
-10.2071073768
-9.53284077288
-8.90283832373
-9.52928576537
-8.56604879224
-9.85854507179
-8.72478492217
-9.93814439341
-9.88649998607
-8.77574697097
-9.22655131772
-4.60959749898
-6.98375116069
-8.77855086468
-9.32008880805
-9.82947162607
-9.35983271013
-9.77888812958
-9.48002024423
-10.2071073768
-9.36258490417
-9.41444926176
-9.40114830135
-9.30726850927
-8.75422976326
-10.2071073768
-9.12462275931
-10.2071073768
-9.31922479582
-9.90837015436
-8.01832234506
-9.71702203415
-10.2071073768
-10.2071073768
-9.52145256903
-10.2071073768
-10.2071073768
-9.31895579581
-9.15801814038
-9.27250101404
-8.51102578657
-9.24122097143
-8.04628905039
-9.36458037188
-10.2071073768
-9.19265537832
-9.90437410115
-8.82177345568
-9.85854507179
-9.19084616366
-8.63986054985
-8.61257151709
-10.2071073768
-9.95349271359
-9.68089501414
-9.24639601072
-10.2071073768
-9.79076973643
-9.47217986639
-9.83746732736
-9.89128205955
-9.557234025
-10.2071073768
-8.51029091447
-8.90299813934
-9.86476079192
-9.67105612433
-10.2071073768
-9.06789924841
-10.2071073768
-9.31119698528
-10.2071073768
-8.96662690314
-9.15535769873
-9.39543141589
-10.0394138009
-10.2071073768
-9.696281753
-8.75117263166
-9.01315804401
-9.14082080485
-10.2071073768
-8.72695501727
-9.00543017154
-8.81726807789
-9.20546337111
-10.2071073768
-10.2071073768
-8.68854587634
-9.46982235173
-10.2071073768
-9.36055372075
-9.73153711861
-7.37283678811
-9.75136098236
-9.55145365691
-10.2071073768
-10.2071073768
-8.04482903415
-7.88717068351
-8.77297004668
-9.0621216762
-8.2777391107
-9.61689814547
-7.72209430168
-9.93814439341
-8.4131820371
-9.31906265039
-8.9353461813
-8.81907743225
-7.29134812475
-9.12129190018
-8.45510572423
-10.0603146579
-9.19265861942
-9.33396334319
-9.03263349053
-8.50298919055
-9.73521634905
-10.2071073768
-9.91825805209
-8.8086856776
-8.47565707437
-9.77744109142
-9.45953226225
-9.54916912672
-9.3226045886
-9.39354553918
-9.1254819206
-9.30596215356
-8.93978266757
-9.74632762658
-9.3086444975
-8.83255030908
-8.83144965952
-8.08456693584
-9.73409541815
-9.31397441849
-10.2071073768
-9.68093014048
-9.00570360229
-9.04324707536
-10.2071073768
-10.2071073768
-8.92041028062
-9.77660991944
-8.45038263938
-10.2071073768
-9.97024930732
-10.2071073768
-9.87063514014
-9.76582464958
-9.87063514014
-9.90437410115
-10.2071073768
-9.86476079192
-10.2071073768
-10.2071073768
-9.89128205955
-9.85174109647
-9.63512319231
-9.60311583623
-9.56719383542
-9.48964659394
-8.07529213372
-8.5280016134
-10.2071073768
-9.60608653813
-9.32078053171
-8.21503243363
-7.06406079097
-9.74247022946
-9.02047220975
-9.92928148658
-8.24211723789
-8.73584482859
-8.67161633478
-8.98640573397
-9.0019680086
-9.46444793783
-8.47993321791
-8.92793862627
-9.17327316846
-10.2071073768
-9.76006795359
-10.2071073768
-10.107286679
-8.96286628128
-9.12140370871
-9.4510912756
-10.2071073768
-9.54946510747
-9.62798898382
-9.3206395966
-9.42046687279
-9.88147931231
-10.2071073768
-10.2071073768
-10.2071073768
-9.69674130996
-7.98789302563
-6.98158321972
-8.35958038137
-9.42824610203
-9.77888812958
-10.2071073768
-10.0097183317
-9.38474924382
-9.32548425561
-10.2071073768
-9.85195258477
-8.79428597128
-8.73803145322
-9.4791939579
-9.82088997581
-9.36805997919
-9.87619896794
-10.2071073768
-9.14304739215
-10.2071073768
-9.50829028784
-9.75136098236
-7.76632078271
-9.52673018451
-9.51161229992
-8.11910390079
-7.45714090213
-9.71791526442
-10.2071073768
-10.2071073768
-9.77888812958
-9.85195258477
-9.89584425684
-10.2071073768
-9.97210919296
-9.64990268698
-8.24451897127
-9.48885715439
-9.22802901781
-9.50531977663
-9.66899894003
-9.95112498473
-9.62189685649
-10.2071073768
-10.2071073768
-9.86476079192
-10.2071073768
-10.2071073768
-9.77888812958
-9.3371386975
-10.2071073768
-9.55870291002
-9.79076973643
-8.96081981108
-9.49935530777
-9.89128205955
-9.38514644374
-9.80164226866
-8.3538813963
-8.03986729396
-9.34024878783
-10.2071073768
-9.47958623553
-10.2071073768
-10.2071073768
-8.55458979598
-8.08592707544
-8.52550331445
-9.54921000924
-9.45478160076
-9.87063514014
-7.94295242611
-9.9158853011
-8.06891651634
-8.191251041
-10.2071073768
-10.2071073768
-9.90020328373
-9.2585388454
-10.2071073768
-9.1983824887
-9.696281753
-9.41714305093
-9.89584425684
-9.74334567142
-9.17221306102
-10.2071073768
-9.08333104718
-10.2071073768
-9.23833984113
-8.6125477989
-8.05556953717
-9.47601420421
-6.50668251281
-10.2071073768
-8.44325144369
-9.80164226866
-9.25558804227
-8.92210540946
-9.55522726513
-9.5336916286
-9.07251946221
-9.37152867086
-7.10340991358
-9.73521634905
-9.43385271901
-7.52381978533
-8.9166157552
-9.69701372808
-8.91647987027
-9.45100649959
-8.67334337204
-9.09940137909
-10.2071073768
-10.2071073768
-9.32518847654
-4.88217019861
-10.2071073768
-9.27051687597
-9.02601853248
-9.33148144263
-9.97210919296
-8.96797026518
-9.40010770409
-10.2071073768
-7.18079356002
-8.89179835847
-8.03317682454
-8.68317546249
-9.9580288922
-10.2071073768
-8.80955075313
-9.6548471018
-9.48002024423
-8.18882731402
-7.7560174718
-9.75136098236
-9.47454997094
-10.2071073768
-10.0097183317
-9.79076973643
-8.39421345947
-9.26357390258
-8.0066607677
-7.68758102872
-9.03055436914
-8.51339393499
-9.36675427907
-9.05285777353
-9.30427759245
-9.39354553918
-9.85854507179
-10.2071073768
-10.2071073768
-9.60133625014
-9.85195258477
-9.39026374165
-9.87063514014
-10.2071073768
-8.24603842809
-9.47958631356
-9.02140506657
-10.2071073768
-9.79844896368
-10.2071073768
-10.2071073768
-9.9580288922
-9.57135980736
-10.2071073768
-8.63815591048
-10.2071073768
-9.22089706849
-8.29515354706
-10.2071073768
-9.82947162607
-9.43677523241
-10.2071073768
-9.5935066232
-8.82273732904
-9.31500560961
-9.78196190842
-10.2071073768
-5.87461185448
-10.2071073768
-10.2071073768
-8.82166437891
-10.2071073768
-7.42778459424
-7.41385781333
-8.74836084491
-8.67083038461
-9.29925240768
-9.35383965269
-9.66661325363
-9.68806729378
-10.2071073768
-10.2071073768
-10.2071073768
-9.26123834509
-8.9609496386
-9.51244999256
-10.2071073768
-9.85854507179
-10.2071073768
-8.25475408365
-10.2071073768
-9.39766371367
-9.41810963948
-9.10391026459
-9.44083152778
-9.09205975748
-9.39112607573
-9.85195258477
-8.83938538929
-9.52007772001
-9.08485698922
-7.79962603374
-9.44217302038
-9.16988578482
-9.68475187391
-8.65688774574
-9.32147509173
-9.19614092469
-9.49272120605
-8.7593020416
-8.30685161163
-9.52345430853
-9.59005072771
-9.92283262167
-10.2071073768
-9.74361957537
-9.45787117683
-9.85195258477
-9.07272226774
-9.5592333937
-9.87063514014
-9.81164462581
-9.48553762799
-9.86169769939
-9.38976820771
-10.2071073768
-9.82088997581
-9.36915259886
-9.57314175813
-9.87063514014
-9.3390976836
-9.28950816076
-8.92654487351
-9.53844120638
-9.47601420421
-8.65539462867
-8.52971163775
-10.2071073768
-9.77888812958
-8.29434712624
-8.57428126842
-9.75136098236
-10.2071073768
-9.9739241
-9.65231369721
-9.52314762775
-9.02134284141
-9.97210919296
-8.29033580609
-9.40435354692
-8.036415838
-10.2071073768
-9.62700977292
-9.14302480499
-9.76582464958
-9.58500666782
-8.72840594931
-9.64768028996
-7.82844047606
-9.41536469448
-9.16788317785
-8.72759484433
-3.60722196535
-5.40523067273
-4.44077326776
-5.55327319766
-9.30396075235
-10.2071073768
-10.2071073768
-10.0005683333
-9.26266895438
-10.2071073768
-9.87063514014
-5.97819092446
-8.79013479649
-8.48543169356
-9.67230738002
-9.58273179314
-9.83746732736
-10.2071073768
-9.25983769706
-9.81164462581
-10.2071073768
-9.65086253064
-9.56072164348
-9.04605806661
-8.90152694414
-9.09361274929
-9.96020353666
-10.2071073768
-9.39444971696
-9.15102204665
-9.01056851371
-8.69775562498
-8.77974351459
-8.79301611425
-7.71205275538
-9.45953226225
-7.3948657729
-9.36842330071
-9.86169769939
-10.2071073768
-9.82947162607
-9.45710986354
-9.97911658443
-10.2071073768
-9.9580288922
-9.89584425684
-10.2071073768
-9.55633087467
-9.44083152778
-8.49063091656
-10.2071073768
-7.21884787569
-8.56311674039
-8.48501256319
-10.2071073768
-10.2071073768
-9.15797830385
-9.58715932962
-9.62210608679
-8.78437601178
-7.47339680256
-8.13773890772
-9.84494248388
-9.35136239865
-9.11898245956
-7.66221207573
-10.2071073768
-8.95368652119
-9.83746732736
-9.58428428537
-9.09006102762
-9.48512648253
-10.2071073768
-9.6563431183
-9.1831491508
-9.47742230459
-9.2391903038
-10.2071073768
-9.96834251988
-9.6054298227
-9.70700765971
-9.6961659538
-9.11405431563
-9.80164226866
-9.85195258477
-9.49426961131
-9.30664268779
-9.91220356624
-9.76582464958
-10.0075493483
-9.75136098236
-8.58020577258
-9.3550305989
-10.2071073768
-9.47660497017
-9.88147931231
-8.06085769865
-9.11106725938
-8.95505000424
-10.2071073768
-9.53867408347
-8.81568140211
-9.90837015436
-6.47765446793
-9.08069326951
-7.40100088369
-9.62557216117
-9.94868632863
-8.85545633392
-9.63601668196
-10.2071073768
-8.95501405343
-10.2071073768
-10.2071073768
-8.797303059
-9.72359067906
-8.65189398515
-8.67002655596
-10.2071073768
-7.4262803948
-9.13278559645
-9.15687249489
-9.06219209029
-8.87740199382
-8.94285368354
-9.88147931231
-9.69559160882
-9.76902280757
-10.2071073768
-10.2071073768
-8.72570657539
-9.06743066558
-9.696281753
-9.35133394136
-9.43188927414
-10.2071073768
-9.7533242403
-9.74094818383
-7.60350790395
-9.45487995537
-9.03775198024
-9.44709410544
-8.95945294102
-9.26555966254
-9.79076973643
-8.75249416259
-9.13812633763
-9.73521634905
-9.73521634905
-9.71702203415
-9.51932415137
-9.55495243491
-10.2071073768
-9.47031530339
-8.35510572452
-9.07186214988
-7.19071636811
-9.53062449145
-9.67655469292
-9.87619896794
-9.43362914363
-10.2071073768
-10.2071073768
-10.2071073768
-8.54823680538
-9.80164226866
-6.24050400877
-9.99276587256
-10.2071073768
-10.2071073768
-8.73930858963
-7.93308727329
-9.85854507179
-8.61000763317
-8.2260082695
-9.4629978232
-9.60025380003
-10.2071073768
-7.61805421471
-8.685164673
-10.2071073768
-9.87063514014
-7.84844812145
-8.06866603494
-7.98349614807
-8.90291450928
-7.90845282936
-9.32553730679
-7.75424087586
-8.88032143793
-10.2071073768
-6.31322383015
-7.65375877198
-8.81655950596
-9.16202762963
-10.2071073768
-9.75136098236
-10.0310972873
-8.78763017334
-9.31057004337
-9.09678311998
-9.23707426569
-9.02254302844
-9.96020353666
-9.35148700477
-8.52440991382
-8.80886827551
-10.2071073768
-9.82088997581
-9.29741956576
-9.36789633682
-9.28030044622
-8.4508664245
-9.33381972993
-9.9739241
-8.3864991868
-8.73121948615
-9.16773029184
-10.2071073768
-9.92283262167
-9.38411516137
-8.8392351944
-10.2071073768
-8.58555360721
-8.18851030844
-9.67354394306
-8.77929722266
-9.16724025953
-9.94868632863
-9.56214613386
-9.58500666782
-9.87205409203
-9.36958753336
-9.29250423316
-10.2071073768
-10.2071073768
-9.56214613386
-10.2071073768
-9.29646450784
-10.0097183317
-10.2071073768
-9.62313438026
-9.22757453495
-9.13980892431
-8.83226315945
-8.81375247828
-9.08823237796
-9.36137433594
-9.34590584688
-9.23511299016
-9.83746732736
-9.4655017758
-9.84494248388
-8.63433067934
-7.20536303909
-9.31928142494
-9.71261622594
-8.50172108125
-9.42975362255
-8.8957879935
-7.50469656621
-9.46202258946
-7.3016989467
-8.75978912537
-9.71990178002
-9.66899894003
-9.52007772001
-9.05986601138
-9.4655017758
-9.58500666782
-9.10998882684
-9.80164226866
-9.39431206751
-9.0555164553
-9.51557227835
-9.7763162321
-7.94419815422
-8.62962621072
-9.86169769939
-10.0431414576
-10.2071073768
-9.41853980648
-10.2071073768
-6.54716631485
-9.94358121481
-6.83328470206
-9.99137384704
-9.7281960929
-8.34545044215
-8.80919449438
-8.68096636477
-9.1695315046
-10.2071073768
-9.18253272576
-9.61932071186
-9.62402631901
-9.06757784303
-10.2071073768
-10.2071073768
-10.2071073768
-9.5681908578
-10.2071073768
-10.2071073768
-9.10275049794
-9.49413256423
-10.2071073768
