0.0293262179825
0.0246495768719
0.0143766873726
0.00667653810902
0.0107762307906
0.0203553506592
0.0336877075258
0.0254932935891
0.018884843343
0.00930417475683
0.0178410324965
0.000151978771476
0.0314504430465
0.0195253208344
0.0133141266598
0.0242920571561
0.0174135411799
0.0187969743165
0.0180220675117
0.0216986031243
0.0255261782519
0.0199434983319
0.0220162015544
0.00908267949158
0.0204482591122
0.00885212224433
0.0216861251345
0.0202542107946
0.0250728441023
0.0244381874541
0.0389861679147
0.00682874401868
0.0339977290861
0.0375656994137
0.0188521399451
0.0162751740132
0.00906835053681
0.027721412751
0.000647273797673
0.0178496751837
0.00511647111818
0.0950057446256
0.0865894842955
0.0184533683031
0.0136854924273
