0.00723797092783
0.00152097780117
0.000649513547944
0.000168257727562
0.000457007115888
0.000800865597517
0.00119095112545
0.00378823213324
0.00211440950303
0.000204401053173
0.000143459857327
0.000485399589874
2.58838313218e-06
5.4546944955e-05
0.00744416256281
0.00443947317667
0.000240508000681
0.000805188933717
0.00060572493756
0.0
0.0
0.000396866659648
0.00088820492068
0.0016011830706
0.000115744594722
0.00216622434411
0.00175550915663
0.00010505064468
4.49577883909e-05
0.000718875304701
0.0
0.000244281124331
0.00060382326661
0.000195860167869
0.000636411950584
0.0
0.000430971015563
0.0
0.000310312205743
0.000612135190979
6.73240646185e-05
0.000274434680095
0.0
0.000126125818638
0.000413000852756
0.0
4.53517975764e-05
0.0
0.0012479479375
0.00019327571048
0.0
0.0
0.000854864659551
0.000208115645422
0.000271947422599
0.00075884818777
0.0
9.2382689501e-06
7.05227811512e-05
0.000243311855103
0.00582986871801
0.0010546400068
0.000778328538065
0.00180826727402
0.00182251109573
0.00262052113789
0.000344220858564
8.29499368341e-05
0.000164429557077
1.03431064531e-05
0.000117242202899
4.21823524132e-05
0.000485582561018
0.00123079966996
0.000327101010891
0.0
0.00195744536088
0.00263556252679
0.0
0.0048547421952
0.000311473686292
0.00140094944334
0.00321709815812
0.000563715468278
0.0
6.44965452343e-05
0.000198872408683
0.0
0.000153848866511
5.34244902378e-05
0.000177110833748
0.0
0.00248967357143
0.00393574583942
0.00077393398689
0.00128232043702
0.000434176461566
6.32071747433e-05
0.0
0.000139541513063
5.97349167754e-07
0.000446352471896
0.000417457178346
0.000369220065905
0.000131969908186
0.0041521144502
0.00224624982404
0.000114182263822
0.000624096703556
0.000328830881899
0.000366160975886
0.000190274327047
9.48336575145e-05
0.0
5.05440828557e-05
0.000609214187082
0.000332382559846
0.000918243417087
0.00258332945317
0.00237685811514
0.00182984866619
6.29886077449e-05
0.000363479783308
5.03527229978e-05
0.000170670113608
0.000228696411856
0.000567458646524
0.000361638770714
0.0
5.98815192447e-07
0.00662179237979
0.00153998535763
0.00111789610315
0.00106551445863
0.0048540397446
0.00302164312369
0.00395908098362
0.00069806343496
0.000299738078781
0.000254123156223
5.90644022262e-05
0.000538459076315
0.0
0.00539830125834
0.00103488210101
0.0
0.00586363510694
0.0140495434289
0.00146368244151
0.00117805367667
0.00681537573141
0.00284437708576
0.00749281364964
0.00960732949297
0.00610172036621
0.00120251226016
0.00132996842923
0.0107648961613
0.00404948711673
0.000749730270647
0.00183168946388
0.0
0.000552404702744
0.0
0.000306315565501
0.0
0.000772276359775
0.00128059701652
1.93679822728e-05
0.0
0.00528159663358
0.00101575389208
0.000859661004878
0.00592326868049
0.00504230650197
0.0031847709633
0.000978411877313
0.0057985104933
0.00119888147683
0.00121825704306
0.0034162090716
0.00105212053442
0.00105005618034
0.0012876773884
0.000141200960066
0.000122647991803
0.000252655586784
0.000322033272304
6.21488630025e-05
0.000162481211901
0.000383659417922
0.000113432188131
0.00174423275629
0.00146338145519
0.0101011115915
6.04994412099e-05
0.000486500971005
0.000136239391881
0.0
2.22171792772e-07
7.21258421402e-05
3.78169829691e-05
0.0
0.00054044848641
0.00251949548105
0.00233158018452
0.00179138550068
0.00443226789163
0.000214785700693
0.00110101715787
7.10766008421e-05
9.15558727089e-05
0.0
0.00105739919098
0.000197753619735
0.000278006655429
0.000382010270733
0.00814979644701
0.000128143695064
7.20231442975e-06
0.00145493349162
8.40377399313e-07
0.0
0.000363659506718
0.000197321647398
0.000992632586627
0.0023411109066
0.00380257207832
0.00140676717127
0.00361481871292
4.27674135807e-08
0.0013355145031
0.000483353801556
8.74591084733e-06
5.72243663184e-05
0.00261815178675
0.000516845793277
0.00194067721036
0.000374353421999
8.63992038919e-06
0.0118673725675
0.000480178343958
0.0012253502279
0.000682242635646
0.000257294422033
0.000130680236758
0.000507953520938
0.000255637284925
0.00093148383239
0.00053308779597
0.000409155673464
0.000420525455612
0.0019614365089
0.000369591239496
0.000134864324849
0.00158056751631
0.00147261135169
0.000257843757877
6.77473056341e-05
0.0010893134926
0.000580236205784
0.0128212771966
0.000146546191204
0.00123839600991
0.000776683372288
0.000283179891231
0.000381701033086
0.0
0.000244133711934
5.92033555211e-05
0.00020578813469
3.30746952399e-05
0.00286251227568
0.000444906829066
0.00590474521148
0.000146814417083
0.000170381382485
5.03340654429e-05
0.0013660069157
0.000502524668841
4.40052165458e-05
0.0
0.00120128127068
0.000976497401222
0.000194550860337
0.00328039675235
0.0
0.000401899510421
0.0
0.0
0.0005165211896
0.000791066212937
0.00189421811258
0.000245626684676
0.000301697389535
0.000467291376789
0.000265345858882
5.51106441467e-05
0.00766700170695
0.000439933483226
0.000444207306332
0.000188127747518
0.000149100860863
3.78169829691e-06
7.30672387554e-05
0.000250775967815
0.000966929365258
0.00271469780685
0.00175963980855
7.49629138101e-05
0.00362445813401
0.000190716857609
0.000825535609913
0.000411128966846
0.000111519952346
0.00099258904822
0.00272492153063
0.000256531954674
0.00653151101034
0.00515112289521
0.00720013926198
0.00583459439618
0.000653894560651
0.00197855203689
0.0214908517617
0.00403482881587
0.00287727336836
0.00834560364662
0.00107531652049
0.00047543083523
0.00187623552872
0.00288880222014
0.00374154055065
0.00414393295581
0.00251078835548
0.000395102166741
0.00176716517244
0.0
0.000209529665967
0.00145628054903
0.00113999794527
6.24003385346e-05
0.0
0.0
0.000162664588497
3.78947079855e-07
0.000258561337817
0.00157020060259
0.000303724029609
0.000122490607623
0.0092791983097
0.000516975326733
0.00447538739481
0.00014174746583
0.00109643369692
0.000822425486414
0.00155487840666
0.00232796064707
0.00612980314986
0.000558174102252
0.00299090192537
0.00473030520238
0.00174649294403
0.000386804986156
0.00129665666329
0.000312472600942
2.5195443098e-06
0.0
0.000379946926209
0.000739764399177
0.000370145583688
0.0
0.0
0.0
0.0140794122332
0.00040140314811
0.00177136442962
0.0
0.00325757702144
0.0010644059704
0.000450081311896
0.000616344252055
0.000374248818458
0.00130633576697
0.000259444121234
0.00633795826583
0.000341985038117
0.000288070882031
0.00153447699239
3.24023821524e-07
3.2124664267e-05
0.000240704373522
0.000186245077631
0.00311013162599
0.00156227891265
0.0101359479007
6.99776230961e-05
0.00251776456035
0.00117710667824
9.12811531419e-05
0.000677933565015
0.000997812627596
0.00106767811065
0.00324838556765
0.000206920295086
0.00260488221265
0.000766675173813
0.0
0.000451648873126
0.000199078094693
0.000208042779675
0.000118017276065
0.00689628424619
7.28745831076e-05
0.00279781746068
0.00018195559096
6.61761838464e-05
0.000293428840696
0.00204118090911
0.000943940059193
0.0023907553718
0.0
0.00053704683572
0.000242887871469
0.000283998682869
0.000349598836796
8.09966948731e-06
0.000271717666314
0.000980662387546
0.0
0.000744789777016
0.000136205092726
0.0
0.000253589670789
0.0
0.00101398764934
0.000138285632946
0.000265186835166
0.0
0.0
4.41818906082e-05
0.00177880168283
0.000115357687544
0.00024856997802
0.000458616148501
0.0
0.0
0.0
0.000156293092175
0.000507045446122
0.000187641190311
0.000505203480832
6.27289866982e-06
0.0134127661221
0.00199498467176
0.00616807337574
1.57089461622e-05
0.00126102428006
0.00137138353918
5.3750278609e-05
0.00281641849367
0.00230382917363
0.000437393376399
0.00168414395626
0.00313889358321
0.00063990241629
0.00045252007419
0.000407527498563
3.88729693512e-05
6.9001885368e-05
0.000287685072072
0.0
0.0
0.00496639686947
0.000867518431196
0.000680794482551
0.00138024106891
0.00225168579615
0.000729217975516
0.000200380435117
0.000355303074982
2.3668926216e-05
5.66999568233e-05
9.18107494509e-05
0.00104309702374
0.00015773652687
0.00137048796718
0.000461685571485
0.060345497897
0.00223917210381
0.0242207329914
0.153209444106
0.0101887638541
0.0281742155043
0.0272362064273
0.00531857404219
0.000970509553691
0.015191472228
0.00237983225251
0.00128632852196
