-3.57170665725
-3.43843795278
-6.37596415195
-6.30906090634
-5.19282884884
-3.73101005627
-4.32600538469
-4.23283591029
-4.51314143657
-4.50408766254
-3.49750977117
-6.86225759543
-3.62356180877
-3.88398400282
-3.67934914537
-2.94705761364
-4.53870161415
-3.74236775149
-3.47237342265
-3.2199005234
-3.19674664381
-3.10237173396
-3.74631144933
-4.37336373617
-3.46039944229
-4.49598160143
-3.63238167452
-3.50055498235
-3.37297038567
-4.302804212
-2.93816546807
-5.65678876569
-3.52932735183
-3.4590275447
-3.88309290488
-5.21836549718
-5.43481273355
-3.43857946493
-7.9232785056
-3.86448724106
-6.95929284544
-2.78218888678
-4.57290181432
-3.28333940894
-4.23600011129
