0.000198360326387
0.00100521771171
0.0
0.000256978111136
0.0
9.19540247362e-06
3.70520629084e-05
0.000583127054822
0.000348986002624
2.09230261251e-05
0.0
0.0
3.67816098945e-05
0.0
0.0
0.0
1.83762206452e-06
0.000145142759549
0.0
0.0
2.84015633052e-05
0.0
0.0
7.5997812063e-05
0.000408278712692
0.000116800025033
0.0
3.28994721775e-05
0.0
0.000252342382354
3.53669325909e-07
9.19540247362e-06
2.09961689814e-05
0.0
0.0
0.000117967264339
7.7825108823e-05
4.47981146151e-06
0.000150765827298
0.0
0.0
0.000139807398334
0.000159080714627
0.0
8.80356938007e-05
4.43179611558e-05
6.19373618282e-05
4.34463541655e-05
0.000227612286517
5.87917840452e-09
4.56389461007e-05
0.0
0.000174439260584
4.85032218389e-06
4.5077721064e-05
0.0
0.0
0.0
0.0
1.91904051623e-07
0.0
3.36524417458e-05
0.0
7.55252043753e-05
0.000273542813582
0.000446139409458
0.0
0.0
7.2078132676e-05
0.000232160466561
0.0
2.77247984151e-05
0.000252676961895
0.000445256025647
0.0
0.000504197111408
0.00197647550137
0.000718105645909
0.000387404834383
0.000324384962452
0.000389705611688
3.85518478039e-05
2.29327764721e-05
0.0
0.000112613954065
0.0
0.00019774485715
0.000123480880515
0.000716578857564
0.0
0.0
0.000240826365311
0.000215354099214
3.76175555739e-06
0.0
0.0
5.01567407652e-07
6.90705863818e-05
3.82350767371e-05
6.03845556529e-05
0.000133188793541
6.5212949211e-05
0.0
0.000575148482133
0.000167721981425
3.21458990237e-06
0.000199748399688
0.0
0.0
3.48310699758e-06
0.0
4.19158517766e-05
0.0
0.000152967738303
4.11006625715e-06
0.00021608412893
0.000197195019401
0.0
3.98053233205e-05
0.000249385958274
0.0
0.000144819815898
8.7462887378e-05
4.39391331054e-05
0.0
4.33244924238e-05
0.0
0.000176361911261
0.0
1.83908049472e-05
0.0
2.75862074209e-05
4.95455949778e-05
4.59770123681e-06
0.0
0.000218248530139
5.22159701775e-05
4.59770123681e-06
3.90462950048e-07
2.4530504445e-05
2.75862074209e-06
4.59770123681e-06
5.07099401119e-06
0.000123120510297
4.28004187863e-05
5.01567407652e-05
0.000107628014505
0.000322492984194
3.93507939632e-05
0.0
5.74950787679e-05
0.000199477309547
0.000148615625062
0.0
0.0
0.0
6.86060875552e-05
0.0
1.80564266755e-05
0.0
4.3652899655e-05
3.68940755042e-05
0.0
8.3463470482e-05
0.0
0.0
0.00029137824386
4.01914078433e-06
0.0
2.98410187554e-05
0.0
3.57764444419e-05
0.0
4.31992063902e-05
3.99800107549e-07
0.0
2.89591615229e-05
0.0
0.000507306398547
5.91831754951e-06
2.72830622844e-06
0.0
0.0
2.75862074209e-05
9.09643304156e-05
5.41974097575e-05
1.79367754737e-05
2.94855203477e-05
4.19467706301e-05
0.000792899110258
0.00127949552386
0.0
0.0
9.58376658232e-05
7.5144460727e-05
0.000241056191686
3.06693717797e-05
0.0
0.0
6.48745263366e-07
0.0
5.06896561359e-05
9.78234305705e-08
0.000344148264227
0.0
7.83775314348e-05
8.13833359779e-05
2.75862074209e-05
3.22645700829e-07
3.80270631409e-05
0.0
2.75862074209e-05
0.00044565754307
0.0
0.00338393707437
0.0
0.000102246922466
3.67816098945e-05
0.0
3.42272810787e-05
7.62670158077e-05
2.75862074209e-06
9.06460595976e-05
4.14579043148e-05
0.0
4.13457000039e-05
4.72906412929e-05
8.41227753768e-05
0.0
0.000330856728161
4.82758629865e-05
9.19540247362e-06
0.0
0.0
0.0
4.19749014031e-05
4.98436334668e-05
0.000197682659895
5.36398477628e-06
0.0
4.81898097548e-06
0.0
0.00308804463944
0.0
0.000438767385215
5.46468731772e-05
4.66455252746e-05
0.0
0.000207706383825
0.0
0.00062432837449
2.78489332058e-05
0.0
0.0
4.92610846801e-05
3.58022852967e-05
0.000141128122583
0.000827401273456
0.000148945749827
7.05051055412e-05
6.29482286944e-05
0.0
3.44429316493e-06
0.0
0.000208836848056
1.84192248038e-05
3.67816098945e-05
0.0
0.00020150372035
0.0
9.02930198583e-05
3.07332970375e-05
2.92089255045e-05
2.92109589858e-06
9.37382113819e-05
4.05450508262e-05
0.0
0.0
0.0
4.76009552255e-05
5.34743315639e-05
0.000224843413236
0.000213163389207
0.0
0.000173689299349
9.50425546387e-05
2.75862074209e-05
2.10180627969e-05
0.000106209328959
0.0
4.20975084446e-05
0.000217616030376
4.73465403961e-05
8.86061724804e-05
5.9871455474e-05
0.0
3.43657104402e-05
3.37198074042e-05
4.02930875821e-05
0.000247342241366
4.66412624659e-05
5.82496266462e-05
0.0
0.0
4.97404532999e-05
0.000373133098444
3.43295025682e-05
0.000122636841489
0.00422806560922
0.0
8.33570538576e-05
5.39073010619e-05
2.75862074209e-05
7.61735226264e-05
0.00216633250491
0.000914713176211
0.0
6.82278412554e-05
0.00019852502045
0.0
3.56112859433e-05
7.72226969439e-05
0.0
0.0
0.0
3.92337172208e-05
0.000316309938162
0.000495858245758
4.17039312492e-05
2.01009838945e-05
9.26547873293e-05
0.000141405770656
4.1896833236e-05
7.44691707716e-05
0.000376565625987
0.0106528731796
0.0
0.0
3.76175555739e-06
0.000480582814516
0.0
0.0
6.83390446804e-05
0.0
0.0
1.75150523307e-06
2.67958004419e-05
6.21257651979e-05
5.01567407652e-07
0.000121098141178
1.80185214463e-05
0.000155314966632
0.0
0.0
8.10871572778e-05
0.0
4.48620669966e-05
0.000183357854867
0.0
4.1797283971e-07
0.000132087036951
0.0
4.59770123681e-06
0.0
0.0
6.42768471056e-05
4.08565157245e-05
9.84852717313e-05
0.000101242537131
2.00626963061e-06
3.59729286053e-05
3.16192786812e-05
0.0
0.0
2.3020287529e-05
2.4521073263e-06
0.000124519216814
4.53064440539e-05
0.0
0.000547610734114
0.00758460355458
0.00101558792356
0.000101798568321
6.78235643545e-05
3.0831643588e-05
4.72676135458e-05
0.0
0.0
0.0
0.00054152312303
0.000570011502638
0.00027094621839
3.32296603115e-05
0.000113018269349
2.93522123821e-05
4.13318169435e-05
3.84911016286e-05
2.40302705918e-05
2.78836328378e-05
5.25004350292e-05
4.15915127269e-05
4.51576543706e-05
4.72906412929e-05
1.91570884867e-05
2.57139282902e-05
3.8865741975e-05
0.000128053634491
8.71665006447e-05
6.70714489397e-05
8.36191856045e-05
0.0
0.0
0.000101759039947
0.00144737949263
0.0
0.000152104186601
0.000118591823853
0.00053335900462
0.000583993615635
7.17486036386e-05
4.26453448052e-05
9.30980223468e-05
0.000166518022212
0.000127797365136
0.000591772351333
6.38138319001e-05
5.16067844345e-05
3.43786900763e-05
0.000193882347672
0.0
5.25451569921e-07
0.0
8.36146650533e-05
1.0031348153e-06
5.25451569921e-07
0.000253983451498
0.0
0.000597952320664
0.0
0.0
3.49178904354e-05
0.000872922340252
2.75862074209e-06
2.06896555657e-06
1.83908049472e-05
4.81028790256e-05
1.83908049472e-06
0.0
6.95277620959e-05
0.0
0.000210515315643
4.59770123681e-06
1.55220568756e-05
4.64984739985e-05
1.25069252381e-05
0.000242023785014
0.000212327219879
9.2292345152e-05
0.000500582196938
0.000119063544064
7.31054094698e-05
0.000117411989933
4.25455593125e-05
0.000189899761912
6.37795153677e-05
2.68696825528e-05
0.0
2.7259098242e-06
0.0
6.56814462402e-06
0.0
0.0
0.0001126696451
0.000390412095424
4.89844115597e-05
8.89877658738e-07
0.00123057933983
0.000804485838681
0.000336325461248
0.0
3.92486690947e-05
0.00011227969958
0.0
0.0
4.86234576097e-05
0.000346518997155
3.06513415787e-06
9.01150670692e-05
4.41379318734e-05
4.04836550462e-05
0.000123437921114
2.71394672197e-05
2.47271327022e-06
0.000191413864193
9.39807693817e-05
0.0
4.12274900834e-05
4.81939332999e-05
7.85467013615e-05
0.0
0.00023567469078
9.19540247362e-06
0.000181548797814
4.0288303764e-05
0.000390687290767
5.36361987936e-05
4.80639408487e-05
1.45190565373e-07
0.0
3.31954029298e-05
0.000198661861923
0.000232748228664
0.000336981613903
0.000122737986134
4.59770123681e-05
0.0
5.15487703653e-05
1.67189135884e-06
0.000113436194443
0.0
0.00113113701306
0.0
4.73726317007e-05
0.000223387435214
3.24365296048e-05
4.82758629865e-05
0.000168405252381
3.76175555739e-06
2.33952259089e-05
4.96980920363e-05
2.75862074209e-05
9.8084293052e-06
1.3136289248e-07
0.000140975548239
3.87813230884e-05
3.27915422913e-05
6.20395696302e-06
7.45268857956e-05
0.000107012232623
4.13793111313e-05
0.0
4.82758629865e-05
0.0
0.000150954935636
9.00774119865e-08
0.00127179136064
7.7966593079e-05
0.000120297292615
7.50112910924e-05
0.0
4.27498523614e-05
0.00106712355753
3.1089217887e-06
4.21899403149e-05
0.000144111514238
7.67139974013e-05
0.000124663480733
3.17535302314e-05
8.99550241985e-07
0.0
0.000438056707978
0.0
0.0
0.0
4.9042146526e-05
0.0
0.0
0.000235864701722
4.76870345825e-05
9.54303591928e-05
0.000444443629909
0.000389524611375
0.000412803593334
2.54641914654e-05
5.60335307537e-05
0.000335240270944
5.01567407652e-07
1.56962773376e-05
4.59770123681e-05
3.9747868757e-06
5.48774540567e-05
0.0
5.66714724937e-05
3.77925209487e-05
4.7780032461e-06
0.000128629711568
0.000120399726417
3.39308360152e-05
0.000158216277553
7.6214229815e-05
3.67816098945e-05
0.000109733016837
0.000164303008335
0.000666886942423
3.09578173902e-07
0.000171437833983
4.61769124219e-05
0.0
4.72906412929e-05
8.83479845505e-06
1.83908049472e-05
9.19540247362e-06
0.000219323565992
9.83687753871e-05
0.000445617934155
6.12136818666e-05
3.88538132688e-05
0.000106290881348
0.000689993633884
1.61228564704e-08
0.0
2.02839760448e-07
4.55618005471e-05
4.72906412929e-05
1.21258054597e-06
5.08559385739e-05
2.16441327525e-05
3.32499127181e-05
4.34069724753e-05
0.000252460249486
6.40009886944e-05
0.0
6.50464252521e-05
9.87377041438e-05
0.0
0.0
0.000236907033455
8.61509676e-05
9.85654912585e-05
3.11611464372e-05
0.000155223343027
0.000183290183698
4.48385339666e-05
0.000137054573744
0.000164397138102
7.68664718071e-05
0.00017273209538
0.0
0.0
0.000104139998041
9.15581415789e-05
3.75973310817e-05
6.62472556386e-05
0.0
9.12667051029e-05
0.000550987870205
0.0
0.0
4.2969002764e-05
0.000102840010932
0.0
7.84410176871e-05
0.000730532025482
0.000202264427807
0.000207415038603
9.40189279253e-05
0.0
2.17595608849e-05
0.000115243449819
5.39911102482e-05
0.000133894777271
1.83908049472e-05
0.000518489273644
9.19540247362e-06
0.000114799973408
2.10180627969e-06
0.0
0.0
9.59971607021e-07
1.83908049472e-06
0.000133881666166
0.000296201913374
9.09365250429e-05
0.000175635395333
0.000157416996697
1.3136289248e-06
0.0
0.0
8.7907030096e-05
0.000519998609044
3.86206903892e-05
1.67189135884e-06
5.01409682052e-05
0.000486658699518
0.0
4.96960818703e-07
3.47377634849e-05
4.1255090902e-05
0.0
0.0
0.000295268058246
2.02839760448e-05
0.0
0.000431832013684
7.89624476826e-05
0.000171899183097
3.79431177547e-05
0.0
0.000139655197
3.18974944823e-05
0.0
0.0
5.17241389141e-05
4.90414787616e-05
0.0
0.0
6.7819092474e-05
0.000120983469058
4.61969980732e-05
0.00109184740007
0.00346072820735
3.74163155952e-05
0.000177930481407
3.85518478039e-05
4.15757940901e-05
0.000194011374668
0.0
8.27586222626e-07
0.0
0.0
0.000100847363884
0.0
5.93445717849e-05
4.20361255937e-06
1.3136289248e-06
0.0
0.00333628164295
9.02777336633e-05
5.98430954633e-06
0.0
0.000217553442932
5.18131685673e-06
6.87606490676e-05
0.0
7.69781807295e-05
0.000142739530145
0.0
2.13588534078e-06
5.74712654602e-06
6.10781312045e-06
5.10446401864e-05
1.83908049472e-05
8.02507852244e-06
0.0
6.24585592163e-05
5.71767284418e-05
5.62233179816e-05
0.0
0.00053535521832
0.0
0.00029442212483
0.0
3.65173741912e-05
0.0
0.0
9.74127365965e-05
3.3641716367e-08
0.000108402545111
8.59653180835e-05
0.000169496547124
0.0
7.92689305878e-05
0.0
3.20651895402e-05
0.000134888235635
0.0
0.0
7.82758635567e-05
0.0
0.0
5.77258719027e-06
0.000196457408416
8.84069304171e-05
0.000128123012405
0.0
1.83908049472e-06
0.0
0.000110096197523
5.09556817064e-05
0.0
6.13026831575e-07
0.0
0.00035289686055
0.000250410741583
9.85221693603e-07
0.000224950253094
3.39367769922e-05
5.1056377544e-05
7.35917769395e-06
1.10344829683e-05
0.000143507052965
3.03145136493e-07
7.17280029088e-06
0.000186148928616
0.00185149821732
0.000119144196181
0.0
0.0
2.44941270286e-06
8.12845562842e-05
9.49726868535e-07
7.63925743963e-07
0.0
0.0
0.0
6.66277517742e-05
7.81266176043e-05
0.000906020496768
6.93758043928e-05
0.0
0.0
4.13793111313e-05
0.000448607219885
0.0
5.88250340442e-05
2.83578495865e-05
6.263011085e-05
0.0
0.0
0.000386769418591
0.0
0.0
9.19926078151e-05
0.000118730927128
3.45023889303e-05
1.72845911158e-08
9.85221693603e-07
0.0
0.0
4.57142865832e-05
9.19540247362e-06
3.95148269234e-06
0.0
3.63527486867e-05
0.000122693539124
0.000321310887901
0.0
7.27784006773e-05
0.0
0.000116710666332
7.52690335812e-05
4.6670783143e-05
0.0
0.0
0.0
1.3136289248e-06
9.51623256207e-05
0.0
0.0
7.69191727804e-05
0.000304140751794
4.10731005915e-05
0.0
0.000100689096012
2.56008364322e-06
0.0
4.48165858241e-05
0.000193151918435
9.70775627714e-07
5.73180087523e-05
0.000185969522156
0.0
0.0
3.94088677441e-06
1.35809021149e-06
6.55088701979e-05
0.0
0.000108671007194
4.59770123681e-06
9.74850938933e-06
2.36093187842e-05
1.18226603232e-05
2.75862074209e-06
0.0
6.06443587768e-05
7.55117900505e-05
4.76327321588e-05
0.000261134088886
7.6020218513e-05
0.0
1.83908049472e-05
4.96551733576e-05
0.0
0.0
4.13793111313e-05
6.13026831575e-07
8.91987634738e-05
9.74425916317e-05
6.39350924931e-05
0.0
0.000421400722687
2.95267670834e-05
9.74458347108e-05
0.000225271681239
2.75862074209e-05
0.0
2.75862074209e-05
2.4576802975e-05
4.5187099661e-05
0.000389194396511
3.46882333191e-06
6.81233344722e-05
0.0
0.000156817237217
0.000808246107569
0.000295142285372
0.000113943307567
3.41493949546e-05
3.94323254035e-05
3.65425317777e-05
3.67805779786e-05
5.25839560153e-05
0.00147745788423
0.0
0.0
2.64764392791e-05
7.40691524469e-05
3.20726257255e-05
0.0
2.4521073263e-06
2.95566508081e-05
3.68574482654e-05
4.12696885212e-05
0.0
9.17500580882e-05
4.45332875983e-05
0.0
0.0
0.0
8.80861473762e-05
8.57837156498e-05
0.000114835031476
4.82758629865e-05
6.10831498905e-05
0.000163123231029
0.000300182210879
0.000594625778682
3.41002614421e-05
0.000120297388603
0.0
0.0
0.000124340829983
0.0
2.32401698307e-05
0.0
6.04119608422e-05
0.0
4.91238229602e-05
2.37998652259e-05
7.38124686251e-05
0.0
0.000114833544596
3.94599103138e-05
0.000124598480617
2.62725784961e-07
2.46296739973e-05
7.89399335277e-05
4.31469372733e-05
1.05090313984e-06
1.73793905292e-05
2.67104548043e-05
1.0778493742e-07
0.000319760666718
0.0
2.75862074209e-06
1.3136289248e-07
0.0
0.0001527765006
6.75389423081e-05
0.000155527126741
0.00307802213189
3.55663330333e-05
0.000120991653383
2.4530504445e-05
0.00026183447521
3.60066528701e-05
8.05077160556e-05
0.0
0.0
0.000716617154782
0.000341040041046
0.000212546762103
0.000230121267976
2.75862074209e-05
4.31136423711e-05
3.87588460655e-05
0.000121834650962
4.30036944047e-05
0.0
2.75862074209e-05
0.00053742665182
2.79080150809e-05
6.09573627856e-05
0.0024829048368
4.54471078188e-05
7.47315645375e-05
0.00150130018911
3.87375076375e-05
0.0
0.00514315632744
0.0
0.0
4.57350280925e-05
2.75909842533e-05
3.04454864555e-05
1.55561320043e-07
5.80762261492e-06
0.00108798592903
0.000185367912909
8.05333352768e-05
2.57837120309e-06
7.19164211759e-05
2.46305423401e-05
0.00125064881175
0.0
0.000805570708396
0.000119073351856
1.82418915469e-06
0.000118575605719
0.000436687125084
8.7337670291e-05
0.0
0.0
0.000145337791061
3.67816098945e-05
1.83908049472e-06
0.000137942619603
0.0
0.0
0.000567880663506
0.000483177520671
8.9003601465e-05
0.000240140774919
2.98850580393e-05
0.000110258507735
0.0
2.75862074209e-05
5.23247522666e-05
4.51175888763e-05
9.56686473627e-06
1.21258054597e-06
0.00384734577379
0.0
8.3930017939e-05
0.0
0.0
0.0
0.0001540975319
3.4083345076e-07
0.0
8.0721004669e-05
3.70839012425e-05
4.72172128043e-05
0.0
0.0
4.88307579634e-05
5.10868076511e-05
0.0
0.0
0.000336747715669
0.0
5.58263952587e-05
0.000948149516617
5.84126995229e-05
0.00203164997547
7.05607444819e-05
6.45827747758e-05
1.83908049472e-06
5.15368658969e-05
4.39737723879e-05
4.70745281472e-05
5.73408136756e-05
5.31890927396e-06
9.02140350814e-05
0.000178953958455
0.0
0.0
0.0
0.000108612927306
0.000141610393299
3.72831773021e-05
2.05290061409e-06
7.1223907504e-05
4.13793111313e-05
0.000171323289993
0.0
2.29885061841e-07
0.0
0.0
2.54641914654e-05
0.0
6.40776137878e-05
0.0
3.40384558719e-05
6.98152820268e-05
8.83375185817e-05
1.41467730363e-06
0.0
0.0
9.81327536711e-07
4.49004774444e-05
0.000380158214046
2.75862074209e-05
1.68144502375e-05
2.93232351667e-05
0.000611144119393
0.000146517200924
0.0
0.0
3.62740714463e-05
0.0
3.94557323436e-05
5.57541527227e-05
0.0
2.50485151798e-05
0.0
0.000215518448528
6.34165687836e-08
0.0
0.000649298790498
0.0
0.0
0.0
0.000191883226297
3.78069023061e-05
0.000625994753129
9.19540247362e-07
4.36145571871e-07
0.000125158748341
7.37781157285e-05
6.0251737517e-05
6.37978895025e-07
5.36000832537e-05
4.01220450036e-05
9.53783821468e-05
0.000152186553113
7.06564664235e-05
0.0
7.46847467132e-05
1.22605366315e-05
0.0
9.00995168743e-05
4.49164842674e-05
2.05210140145e-05
2.4537205548e-05
0.000184892026647
0.000127890780544
0.000320940794188
0.000110250882089
0.000113772045831
5.9960440291e-05
1.6073415211e-05
0.0
0.0
0.00014042217075
8.5690196583e-05
2.4521073263e-06
7.29943637966e-05
0.0
0.0
0.0
0.000113453209209
1.13174184291e-05
3.03145136493e-07
4.13793111313e-05
2.89716984209e-05
0.00012262689998
0.0
0.000231858334384
0.0
7.9006519564e-05
2.79540235198e-05
0.00012814610837
4.82317874439e-05
0.000349038142491
0.000101214265084
6.04550475425e-05
0.000132655178724
7.5150418715e-05
4.84313395952e-05
0.0
0.0
2.78147418067e-05
3.51815940712e-05
0.00121676871033
4.40304531432e-05
4.72906412929e-05
0.0
4.32114777896e-05
0.000596760245678
4.72906412929e-05
0.000133450633851
1.3136289248e-06
0.0
0.000381806911628
0.0
7.42756921703e-05
0.000165071037423
3.28407231201e-05
5.01567407652e-07
0.000447796856706
2.82735979923e-05
0.000109542997261
0.000145043647625
6.56814462402e-08
0.0
0.000414449811357
8.86699524242e-06
0.0
7.66283539469e-07
4.46153854634e-05
0.000499727268512
0.000579888976159
0.000143531055454
0.000106112245306
3.83417208057e-05
0.00013719538894
0.0
0.0
0.0
0.000117415481537
0.000151696232496
8.40366216892e-05
0.000222323635177
4.81439166126e-05
7.66283539469e-07
0.0
9.66302981731e-05
0.0
9.04719206053e-05
3.39645824397e-05
4.57822861981e-05
0.0
2.51760440357e-05
0.00011872097756
0.0
5.1318420333e-05
0.0
6.34165687836e-08
0.0
0.000195997974036
4.29051577646e-05
4.32377226202e-05
0.0
2.59634893373e-05
0.0
0.000346850353172
0.0
0.00084219876263
0.000172372008661
6.33973021722e-05
3.92159878575e-06
0.000641692709416
0.000151138494932
8.19149162421e-05
8.88319728595e-05
2.9025487808e-05
2.70910703646e-05
5.12481820142e-05
2.91608957937e-08
1.65517244525e-05
0.0
0.0
0.0
4.59770123681e-05
0.000160543248503
0.000163764889651
0.0
0.0
9.74674741896e-05
4.15910823882e-05
0.0
0.0
3.32274602281e-05
0.0
0.000173240821154
2.88174562267e-05
9.57230699853e-05
5.21072806839e-05
5.65334042022e-06
0.000280503738044
0.000183201712374
0.000352842583794
3.05795997236e-05
2.38997883293e-05
6.29080944302e-05
0.0
1.57157787731e-05
0.00010186492516
3.531301567e-05
4.64157414053e-05
0.0
0.00037371486334
0.000135609512075
0.000260494539869
7.67496866078e-05
4.6284893649e-05
4.20361255937e-05
4.32797512472e-05
7.01864135043e-05
3.43986422736e-05
0.0
7.66497884515e-06
0.000227227271853
0.0
0.0
5.2644861233e-05
0.0
0.0
6.27880943263e-05
0.0
7.09726461936e-05
0.0
0.0
1.9153873311e-05
0.0
0.0
0.000378913685594
2.02333884524e-05
0.0
0.0
0.000143008411933
2.75862074209e-05
4.35911236813e-05
0.0
0.000144782572506
9.98852470462e-05
0.0
5.74108317583e-05
6.86343399239e-05
3.78931420616e-05
4.19062386888e-05
0.000137795308462
0.000893896774995
0.000202044911013
0.0
0.000110218401576
0.00030839314187
1.88229197251e-05
3.99704659332e-05
9.51988162336e-05
4.02978769792e-05
3.67816098945e-05
2.42516109194e-06
3.74880572972e-05
0.000408708216817
8.79581166498e-05
0.0
9.23094333066e-05
0.000128106718043
4.62623204533e-05
0.000297271158655
4.40976258279e-05
4.09613382916e-05
0.0
0.0
0.000131493041211
2.91917538845e-05
0.000103971870489
0.000126387270307
0.0
4.92360551817e-05
0.000180899907805
9.26686479436e-05
4.99231619631e-05
0.000252153304046
0.0
0.000123923494172
0.0
0.000153097709308
0.000195975735586
7.84272969564e-05
0.000220273134555
5.03513930936e-05
7.00906702834e-05
3.95412603569e-05
0.000151994798701
1.62784292394e-05
4.03506017222e-05
0.000501019397504
9.34781309338e-05
4.05517249087e-05
1.65517244525e-05
0.00207158012484
0.0
0.0
4.47478544694e-05
4.1797283971e-05
0.0
3.73974106031e-05
0.000125552446758
6.31241633608e-05
0.0
0.0
8.48722603127e-05
0.0
0.0
3.28407231201e-05
7.24053587014e-05
6.35665185186e-05
9.85221693603e-07
0.0
1.08714117915e-06
5.0386565884e-05
0.000143073752858
0.0
0.0
0.0
0.0
2.27465219084e-05
2.48898112068e-06
2.23012708413e-05
7.19592421611e-05
6.91602324215e-05
4.37407360858e-05
8.29234820398e-05
9.86194337553e-05
0.0
9.19540247362e-06
2.36626052376e-05
8.49738783131e-05
1.83908049472e-06
6.47872969193e-05
0.000324217813624
2.59634893373e-05
3.55911336814e-05
0.0
0.000314323818432
3.11822684147e-05
0.0
4.55992669613e-05
0.0
5.02353339488e-05
8.27586222626e-07
0.000402153155071
0.000176665166721
0.000651819590805
0.000183663159875
8.2732681662e-05
5.01567407652e-07
2.10457154223e-05
2.8509579601e-05
3.46111423921e-05
2.45224188004e-05
3.22774228575e-05
0.0
2.35402303325e-05
4.26873818666e-05
0.000183212546625
0.000176587582215
0.0
0.000234437983646
0.0
0.0
7.14578152263e-05
3.61939730589e-05
0.0
0.00162702294785
3.39406516456e-07
0.0
0.000909279779977
0.000107840453986
0.0
0.000244044965589
0.000411929773744
0.000332551638619
6.73243138069e-05
0.000239931299579
0.0
3.53152334203e-05
5.67675949921e-05
4.1761902858e-05
0.000291539833636
5.58737590982e-05
6.65883234628e-05
1.80229888483e-05
3.73643846626e-05
1.96482958838e-06
0.00012681060869
0.0
0.000141964491433
6.64570631508e-05
6.49087233432e-06
0.000175748115438
0.00029481956301
9.19540247362e-06
0.0
0.0
0.0
2.37081463776e-06
4.98003639229e-05
5.17241389141e-05
0.000139591071228
0.0
4.78146333805e-05
5.37481645338e-05
0.000158301578538
6.87313721976e-05
2.33367968947e-05
0.0
4.09931777766e-05
3.24408349621e-05
0.0
2.98647794853e-07
1.83908049472e-05
0.0
3.70151651097e-05
0.000154513844959
0.0
0.0
1.19420811346e-07
9.19540247362e-08
1.26506700549e-07
7.1595307138e-05
3.16565431913e-05
0.000119347593694
1.3136289248e-06
5.70257517744e-08
0.0
2.71265600925e-05
0.0
0.000183607381669
0.0
0.0
0.0
0.0
3.6079376724e-05
7.69257207572e-05
0.0
4.13112923605e-05
2.29885061841e-07
0.0
3.44706426031e-05
8.6063636485e-05
4.1797283971e-07
0.0
0.0
5.33066810065e-07
0.0
8.56861381522e-05
0.0
0.0
0.00014754772937
1.72949618705e-05
0.000999354751153
3.76111903008e-05
4.64325477277e-05
4.80569248324e-05
0.0
5.14398201801e-05
0.0
3.83768783803e-05
0.000106878876829
2.45216455435e-05
3.28024051865e-05
0.0
8.0468108897e-05
3.67816098945e-05
3.74778640972e-05
0.0
0.00257251899448
0.0
3.86321200105e-05
0.0
2.68929141946e-05
0.0
0.0
7.41369319331e-05
8.51844926034e-05
4.41379318734e-05
4.93110024277e-05
0.000164932917492
4.45641272916e-05
0.000101590265623
3.96418372938e-05
0.00011621064734
4.43499719761e-05
5.43364691623e-05
0.0
0.0
0.0
0.000195849221149
0.0
0.000566475472806
0.0
0.00334382714567
0.000324168570968
0.000103684933766
0.0
0.000127994073755
0.0
0.0
9.94861333796e-05
6.6837572283e-05
4.41537351134e-05
0.000323441857837
0.00033049093967
5.86198061848e-05
0.000246485494835
0.000482963846204
0.0
3.27066155962e-06
1.88141227082e-05
3.94088677441e-06
1.02057741106e-06
0.000312789487947
0.00170737302719
1.55145932288e-06
0.0
0.0
4.0594494784e-05
2.1632191204e-05
0.0
6.08156140297e-05
0.003310194366
0.0
0.00033906413825
0.0
3.13396346011e-05
0.000440720906527
0.00053011018709
0.000131285274582
0.0
0.0
4.34857304307e-05
0.000106874408882
5.84230189009e-05
1.37931037104e-05
5.23831606724e-05
0.0
9.02278178898e-05
5.69066127109e-06
0.0
9.97909412936e-05
2.00940130771e-05
5.01687375938e-05
0.0
2.90579478513e-05
5.2802289786e-05
6.60845712617e-05
0.0
1.49599152848e-05
0.000156739194808
0.000524047080281
3.58113158023e-05
0.0
0.0
2.64039413885e-05
0.000401704145072
2.87132005422e-08
2.09932773454e-05
1.16643583175e-07
0.000693762818448
1.62142042818e-06
0.000318629487755
0.000226419539839
0.000187027547834
0.0
5.481846926e-05
0.0
0.0
2.8307415458e-05
4.17481556942e-05
0.000599094600819
0.000251392248481
0.000206926687702
0.000479949878737
0.000144086190202
6.77609541777e-05
2.79398767468e-05
4.65159636819e-05
0.000158771709836
0.000147155668953
0.0
0.000194956011361
0.000113837772445
0.0
1.3664994388e-06
5.19062351842e-05
2.80522999993e-05
9.81355776084e-05
0.000136150934159
4.20992626179e-05
2.59634893373e-05
0.000178970803426
8.86699524242e-06
0.0
3.53669325909e-07
0.0
5.06164638376e-05
0.0
4.72906412929e-05
7.10034392838e-05
0.0
7.66603564709e-05
0.00012460164295
2.32304904597e-05
4.37798965545e-05
0.000237701987818
0.000245791070389
0.000367074424684
0.0
4.12290472547e-05
4.23235664061e-05
9.0552477267e-05
0.0
1.09036392968e-07
2.75862074209e-05
5.19144423689e-05
6.66689593051e-05
5.01337372733e-05
6.92254699134e-05
1.3136289248e-06
2.94401305022e-05
0.0
0.0
0.0
3.41825012361e-05
6.59663227432e-05
3.88800478949e-05
0.0
0.0
0.0
2.38743584244e-05
0.0
0.0
5.4754442002e-05
0.000177417346826
9.53426221565e-05
2.06514686783e-05
4.78927212168e-05
0.00016869772264
6.14446255157e-05
6.68398550629e-05
0.0
6.25204714735e-05
0.000106070298411
0.000149487092703
0.000319374394577
3.76609695385e-05
9.19540247362e-06
6.94283191812e-05
2.44558576426e-08
0.0
0.0
2.26610188611e-05
0.000212021905401
0.0
0.000115950255531
4.1797283971e-05
3.07332970375e-05
0.000408537068983
3.58695014467e-05
0.0
0.0
0.000575537566601
3.61138119127e-06
7.29022394843e-07
0.00146598514145
6.97905480423e-05
7.06637231235e-05
6.33007738604e-05
0.000125388105499
0.000235147063302
5.1439627699e-06
0.0
0.0
8.22464867856e-05
3.5958602533e-05
3.7354125033e-05
0.000132182318401
2.75862074209e-05
0.0
0.000382827918426
5.46288870597e-05
9.8084293052e-06
0.0
0.000180461228062
0.0
7.42192859453e-05
0.000144898877754
4.82758629865e-06
1.28158919493e-07
0.000178210094362
0.0
1.9472617003e-07
0.000236915999215
7.46957848693e-05
0.0
3.05942689822e-05
5.08283798801e-05
1.7068791157e-05
0.0
1.3136289248e-06
0.000110070883435
0.00025242889798
3.53669325909e-07
0.0
6.30367580777e-05
0.0
0.0
4.16209992735e-05
3.76175555739e-06
0.000134385596555
0.0
4.59770123681e-06
0.0
7.10615294101e-05
8.83901727431e-05
0.0
5.01567407652e-07
0.000119228724418
0.0
0.0
6.10189821787e-05
4.28443038522e-05
0.000419454524726
5.6880132444e-05
0.00181558412184
0.000236584673187
0.0
0.000104616009843
7.30064328225e-05
0.000116377590097
0.0
3.15023029691e-05
1.45190565373e-06
0.0
0.000383176573725
0.0
5.89481041515e-05
0.0
0.0
8.89877658738e-07
0.000111418124146
8.00678632514e-05
0.000293010136255
0.000149988807716
4.67375343772e-05
2.75612538185e-05
8.63043129385e-05
5.3596060132e-05
0.000378801009939
2.16289038107e-05
1.67189135884e-06
0.000131299430675
1.3136289248e-07
0.000523848561765
0.0
0.0
4.53568573176e-05
0.000100297868396
0.000241942483686
8.40618523136e-05
5.49817048008e-05
7.17656860643e-05
4.67934894937e-05
9.93067757987e-05
9.53922560512e-05
0.0
0.000199383195773
0.00022333227907
2.55677210514e-05
7.66283539469e-07
0.0
1.86206900091e-05
0.0
0.0
0.0
3.82269177412e-05
0.0
0.000336957050969
2.89771086354e-05
8.37211879448e-05
0.000454126241417
8.93546478588e-05
0.0
0.0
0.000146787685179
1.91073298153e-06
4.31521978035e-05
9.79310363441e-05
7.94077463239e-05
5.12315280673e-05
0.000706934916964
7.6909187582e-05
0.000374565612395
8.44413305963e-05
2.23748723952e-05
0.000221554641115
0.0
0.0
8.07476489756e-05
0.000103018992269
8.90385349263e-05
0.000170784831492
1.84271504116e-05
0.0
2.35109722337e-07
0.000175099412871
0.00131093625102
0.000150045977687
2.66537159024e-05
0.0
0.000106959460168
8.73077220064e-05
0.0
0.0
0.000106770055129
0.0
3.37099955376e-05
2.49650319139e-05
1.61218095317e-07
0.000175426817496
2.78160924827e-05
0.000255056454084
0.000381544889802
0.0
1.3136289248e-06
5.91133016162e-06
1.52268559219e-05
6.74235814837e-05
0.0
2.06896555657e-06
3.85756056784e-05
8.58620486455e-05
0.0
2.75862074209e-05
0.0
3.67816098945e-05
9.19540247362e-06
1.83908049472e-06
4.82758629865e-05
0.000620113270543
0.0
0.000101965148397
0.000341138074776
2.47380739113e-05
4.55391360599e-06
8.60972208061e-05
0.0
0.000147420116683
0.00014427397617
0.0
0.0
0.000248641242524
0.0
4.63679786597e-05
0.000106267242348
0.0
7.66283539469e-07
5.93251772492e-08
0.0
4.05361590236e-05
0.0
2.72005012309e-05
0.0
0.0
6.75205267349e-05
0.000158063782652
3.18302393318e-06
0.00013250432507
6.78687021863e-05
0.0
0.0
0.0
5.15617157645e-05
3.72549026689e-05
4.03261589523e-05
3.00183072601e-05
0.0
0.0
5.05098763796e-05
5.38712140523e-05
9.59616450624e-05
3.28407231201e-05
0.000215667139194
0.00047436077511
2.67502617415e-05
0.000185188299196
4.59770123681e-06
0.0
7.63609115177e-05
0.000203887963171
4.14207318632e-08
0.000546512297416
0.0
8.11780609064e-05
0.0
3.95477065736e-05
0.0
3.3628900475e-05
5.35228153677e-05
0.000132011189524
0.000102391224416
3.97565930477e-05
2.55178672803e-05
9.46828567072e-05
0.000119323768889
7.21208037147e-07
0.000676875285499
0.000777673433669
9.95503275966e-05
0.000160635465851
2.29885061841e-07
0.000180790358547
1.80302009287e-07
0.000340909195409
1.74977449667e-06
4.09478063764e-05
5.97321605275e-05
0.0
7.95102048138e-05
3.33537594528e-05
0.000123375626648
6.01052706365e-05
1.08714117915e-06
2.62647628549e-05
2.81439562504e-05
0.0
0.000343716293782
0.0
3.79936290606e-05
0.000102086645996
0.000484831118879
4.26408733018e-05
1.79321958592e-05
7.81793743236e-05
2.75862074209e-05
0.0
0.000133489454811
0.000204380378891
0.000377918122194
0.000596906053897
8.6173070029e-05
0.000102533706245
9.47976704714e-05
0.000595644181172
0.0
2.92756591817e-05
7.18913284302e-06
3.95921648034e-05
0.000106999014758
0.000324575548732
0.00142931369635
1.83402807578e-05
4.98924740666e-05
0.000119469838088
0.0
2.52620947078e-06
4.6099973537e-05
1.40893689573e-05
5.17151420629e-05
0.000173067560092
2.44156714165e-05
2.75862074209e-05
0.0
0.000160827543342
5.80848735435e-05
0.0
0.00343893843302
0.0
3.21003140897e-05
6.77926271075e-05
0.0
3.19502162476e-05
2.13570638097e-06
5.18179695516e-05
0.00126576353878
2.73672692667e-05
0.000141351294352
6.41504300177e-05
7.85608534649e-05
0.0
3.21003140897e-05
0.0
0.000138417942559
0.0
7.19294061601e-05
0.00140914293751
0.000120907092961
5.97795411664e-05
6.79463236967e-08
0.000199077022934
5.17241389141e-05
0.0
6.15864301731e-05
7.62332037511e-05
0.000186947636347
4.20361255937e-05
0.0
0.000158004157785
2.11494256893e-05
0.0
3.97773971257e-05
5.42468116917e-05
5.30513847241e-05
0.000158787961985
4.59770123681e-06
2.94374941082e-05
7.66283539469e-07
9.01510046434e-08
8.10542689754e-05
3.99800107549e-05
0.0
0.0
1.07850332204e-05
0.0
0.000489918196748
5.81782126374e-05
3.83356894638e-05
5.96490196802e-07
6.74698159205e-05
0.00011533155245
0.0
1.47978857093e-05
3.22124157372e-06
1.3136289248e-06
6.89655185522e-05
0.0
0.0
0.0
0.000130029275267
0.0
0.0
0.000207267211086
0.000197057444645
5.21679097112e-05
0.0
9.2112462459e-05
7.78170259002e-05
0.000276579102729
9.37405663027e-05
0.0
0.000119290340237
4.54694739199e-05
0.0
7.19779847621e-05
8.94349175588e-05
8.44283143945e-05
4.42126912431e-05
8.19623704781e-05
0.000116319327677
3.72572856115e-05
0.000515692461359
0.00017771653066
9.65700984056e-05
0.000426727072041
0.0
0.0
6.86383711244e-05
0.0
9.27399565716e-06
0.000283589390664
0.000220357702153
0.0
9.1672170649e-05
8.4949806467e-05
0.000123334767894
4.01253926122e-05
5.21101161456e-05
0.000148422643093
1.89249180063e-06
6.75036892229e-05
1.74962295935e-05
9.19540247362e-06
3.95588763719e-05
4.49629602395e-05
4.94683917844e-05
0.000163227498933
3.63276049134e-05
8.25926839848e-05
0.000406499197769
2.75862074209e-06
0.000153060046229
0.0
0.0
0.000104323085821
0.00014974135913
7.59816410886e-05
2.2019413494e-05
0.000732430113424
0.0
0.000100247450911
0.000333214951715
0.000125796368206
2.09283697835e-07
8.45391101417e-05
0.0
0.000582075535367
4.63949852078e-05
0.0
0.0
1.45190565373e-07
1.80564266755e-05
8.52927469017e-05
3.82298035265e-05
0.0
3.99800107549e-07
0.00031514215231
0.000199198402349
0.00013216064284
0.00103061638182
4.62854535412e-05
0.0
0.0
8.15328949917e-05
0.000673096515348
0.000102722207756
7.00327826596e-05
6.79463236967e-08
0.0
0.000303488022343
0.0
0.000423370437658
4.09245934266e-05
0.000180377638469
9.92062967477e-05
5.31281500081e-05
2.62725784961e-07
0.0
0.000455584170983
5.72504537002e-05
3.68253975253e-05
0.000358987900734
0.0
7.85931835352e-08
2.75862074209e-05
0.0
0.000410892798354
5.29138949359e-07
0.000195015824431
9.11481281345e-05
3.75028179316e-05
1.38471943132e-06
0.0
0.000104351998355
4.5407755591e-05
0.000318773787225
0.000227973787745
0.000238134086521
7.49212566606e-05
8.86699524242e-06
6.90847981972e-05
9.19540247362e-06
7.14202676116e-05
0.000338888817324
3.16805133713e-05
0.0
5.10069761144e-05
2.79860075284e-05
0.000142067694718
0.0
0.00021817659913
2.10284935973e-05
5.46828530947e-05
0.000140494490443
1.2131749482e-05
0.0
0.00010453425056
0.0
0.000294384895233
9.86109573667e-05
3.79681134395e-06
0.000202911680599
3.07462373731e-06
0.0
5.7312186245e-05
0.0
8.5470451859e-05
2.61929526768e-05
0.000224151498366
7.38253766044e-05
0.000588779750611
0.000179784267437
0.000361761155883
3.73190035456e-05
3.03726930189e-05
0.0
0.000621352805458
0.00022974526603
0.0
4.83670452517e-05
0.0
0.00031939204678
0.0004205236052
0.0
0.000192075356306
0.000228389315387
0.000387337735651
9.37115702933e-05
0.000135720205004
0.0
0.0
9.96377556371e-05
0.0
0.000326733698406
3.06471072932e-05
0.000235615435107
3.94145916174e-06
0.0
0.0
0.000137761283483
9.93255314241e-05
0.000104056828701
3.64320392825e-05
0.000146834733544
0.000191624412385
0.000319434048512
0.0
0.000107911313862
5.95479080132e-05
5.98728940107e-05
4.7084129969e-07
0.00105058787262
0.0
2.37002880979e-05
0.0
0.000113782437495
3.62330408213e-05
0.0
0.000328098791741
7.94257099008e-05
0.0
0.000206742418621
4.90047694458e-05
8.58779093485e-05
3.3103448905e-05
1.76063020789e-05
3.70470395689e-05
3.73069344227e-05
9.35770730578e-05
7.04607895237e-05
0.0
0.0
0.0
0.000198241103989
0.000142765282942
6.08811889349e-05
0.0
0.0
0.0
1.64282453045e-05
4.21866528339e-05
0.0
3.53372348706e-05
0.0
2.81833114776e-05
0.000252159336907
5.80762261492e-07
9.19540247362e-06
0.0
1.34566865468e-07
3.82793152616e-05
7.55088538982e-05
0.0
7.10581602177e-05
0.00114581253951
8.44501371024e-05
2.49732986527e-07
0.0
5.17485947718e-05
6.35175509979e-05
0.0
2.02839760448e-07
3.83612306497e-05
0.0
4.55762244702e-05
0.0
0.0
6.58967952442e-06
3.06513415787e-06
1.32625997216e-08
1.3136289248e-06
2.58116560663e-06
0.000103378596713
0.0
0.0
0.000145066273472
6.72406049977e-05
0.000108563769382
0.000188538311595
0.0
0.0
4.73702551672e-06
4.59770123681e-06
0.000143150400866
5.22466049638e-05
0.0
0.0
0.0
0.000110723555991
5.14957682724e-05
3.88360455821e-05
0.000163535623752
0.000103965253036
5.63218401509e-05
0.0
3.46417175133e-05
0.0
0.0
0.0
6.60647431844e-05
0.0
0.0
0.000121431538061
0.0
0.000487574709
3.39653188714e-08
0.0
0.00181379882219
8.19970477979e-05
4.96486166491e-05
7.98280972584e-05
3.54587549428e-05
2.81491912458e-07
0.000152745223657
0.0
7.66283539469e-07
0.000229254856879
0.0
2.75862074209e-05
0.0
0.00035262359581
6.62270847336e-05
2.55387438683e-05
0.000128804473025
5.19394988642e-05
0.000123560893967
0.0
0.0
6.00974706485e-05
0.000177248953729
0.000275977958313
6.24095821386e-05
0.00028625923746
5.13042829001e-05
3.50409428527e-05
7.94280610529e-05
0.00424692839331
1.01806241672e-05
0.000263128396042
1.82956556089e-05
0.000131257928117
3.94360977699e-05
2.75862074209e-05
8.63077249717e-06
0.0
5.5001318639e-05
1.59526848579e-06
5.27881523822e-05
0.0
0.000102407338115
0.0
0.00373402511051
0.0032828064117
0.00666026060747
0.00446035434166
7.24877173449e-05
3.17898199802e-05
7.08331656465e-05
5.40229895325e-05
0.00107672938494
0.000340246836484
5.28360698769e-05
0.0
0.0
0.0
0.000224176587334
1.50197136593e-05
8.61831599e-05
1.9669310104e-07
4.58870017544e-05
0.000122924089687
0.000102399139478
0.000209573245711
0.000751717259593
0.000197112178664
0.000262768382271
0.000259025182055
0.00022030349966
0.00209944050057
0.000204091535472
4.31662719359e-06
0.000263390507022
0.000351475760931
0.0
5.01567407652e-07
4.13793111313e-05
0.000392563994522
0.00014130893171
0.0
4.06269600198e-05
4.59770123681e-06
7.15823251038e-05
4.62681409406e-05
0.000144423844376
6.59377640792e-06
9.79457619712e-05
0.00120894052283
0.000353095583071
0.0
0.00040709534042
0.000244375136415
0.0
0.0
0.000165310711904
0.000390476970519
0.0
0.000118037455789
0.0
0.000711673534462
0.000214517897714
2.61172030318e-05
0.0
0.000523986909448
0.00253442318499
6.89794674001e-05
4.33604614694e-05
2.52873568025e-05
0.0
0.0
0.000159077918599
2.91356347927e-05
0.0
8.78908293596e-05
7.52972843227e-05
1.40120418648e-08
0.0
4.48234827928e-05
0.000109004714371
2.06896555657e-06
2.65853232286e-05
0.000100598863431
0.00014127933883
6.88122618443e-05
1.3136289248e-06
0.00119055922923
0.0
0.0
8.36121567973e-05
0.000113702384088
4.1005121726e-05
0.0
0.000730216772731
0.00011321802905
0.000127968679084
0.0
0.00052675855595
0.00564683787932
0.00178551676131
0.00011178044028
0.0
0.000286348964976
6.56814462402e-07
0.0
5.05513241364e-05
2.62725784961e-07
4.87336233171e-05
0.0
0.0
7.66283539469e-07
0.000406018654988
1.41467730363e-06
8.94040391763e-05
3.93367101823e-05
9.01948508138e-05
1.83908049472e-06
0.0
2.39902135702e-06
3.61668157648e-05
0.000444488411666
2.75862074209e-06
2.60395038035e-05
0.0
0.0
0.000139418043031
8.1472818477e-05
4.6187942558e-05
2.68390835303e-05
3.80952388193e-05
0.000380552113643
3.82753826689e-05
0.00107803670922
0.0
0.000153411780229
6.927117662e-05
0.00017991862534
3.76175555739e-06
0.000132688172745
0.000102570630259
1.96161859017e-05
6.89655185522e-06
1.25438683604e-05
0.000518137467891
0.000407648321747
0.000901572683684
0.0
3.57573118974e-05
4.74134380621e-05
0.000262710218694
0.0
2.84973115192e-05
0.000273132121771
0.000140818635565
2.59133349051e-05
0.00112746216994
7.83445119924e-05
4.78120965993e-05
7.97120740333e-05
4.2924457461e-05
0.0
0.000143219659882
2.80041802606e-05
3.40570461986e-08
0.000276506047505
3.53669325909e-05
0.000497602065725
0.000191686313856
6.14791388644e-05
9.52934077398e-05
0.000105234444153
3.47613392032e-05
4.59421812981e-05
0.000187211043439
0.0
8.84022856397e-05
2.1955559123e-05
0.0
7.66322655619e-05
0.000205968761862
5.48572530359e-05
1.99393490687e-05
0.0
3.00849580931e-05
0.0
0.000445984376583
0.0
0.0
0.000127775886599
0.0
1.95646861141e-05
8.8287564601e-05
0.0
3.66065149569e-05
7.66283539469e-07
8.02669097676e-05
0.0
0.000236495871571
0.0
1.49349503912e-05
4.97311577758e-06
0.0
0.000191132455611
0.000710047747681
0.0
0.0
2.31712022014e-07
7.99139048023e-05
0.0
0.0
9.19540247362e-06
0.000139401023617
4.07437899868e-05
0.000250523590008
2.37367925449e-05
7.06979025491e-05
0.0
0.0
8.506385267e-05
0.000720384133792
0.000133216857506
4.06757667862e-05
0.000134187025668
3.67816098945e-05
2.58311822162e-05
5.08315296688e-05
0.0
0.000127698532673
0.000178168938329
5.41595774616e-05
0.0
5.25451569921e-06
0.0
9.93366875714e-05
0.000327935366716
4.89768239948e-05
0.0
0.0
2.03287894802e-05
4.12410320661e-05
3.28074271152e-05
4.87356331102e-05
5.30124033303e-05
5.17241389141e-05
4.21633401843e-05
4.29507615359e-05
0.000187998507374
7.13775648545e-05
0.000282267720283
0.0
5.15346732038e-05
8.9725045768e-05
4.22709218175e-05
0.0
5.74607530177e-05
0.000693875379927
9.30492396616e-05
7.97763712411e-05
0.000115742148064
5.6927659644e-05
0.0
2.71785294787e-07
4.75017602273e-05
2.36453206465e-06
0.000118396789358
0.000234940498395
0.0
3.28300720747e-05
0.000571524936309
9.78234305705e-08
0.0
5.70967752788e-05
7.69247173485e-05
0.00039114881545
2.43021351089e-05
1.7349815988e-05
0.000171288696814
0.0
0.000763702507473
0.00010514571452
6.80638180361e-05
0.0
0.0
3.5493011368e-05
3.90598856466e-05
0.000341294192876
0.0
0.000138468107041
0.0
1.3136289248e-06
9.41878533789e-05
0.0
0.0
5.18652853742e-05
5.33926595243e-07
0.000112418473759
6.89655185522e-06
0.0
5.72839517061e-05
2.11610190966e-05
8.15295336952e-05
3.05570297585e-06
0.00278026353362
2.80037409366e-05
0.00023425477691
0.000171310005456
0.000167868363196
0.00032090441667
0.000164928602478
0.000226202382248
6.8730672673e-05
0.0
9.99618123451e-05
1.13091508344e-05
0.000227978291425
3.28046977946e-05
0.0
0.0
0.0
3.25255367919e-05
0.000277188980803
0.0
0.0
4.53679062198e-05
0.0
6.36604786636e-06
0.000207585804034
9.75097419107e-05
0.000108617751735
0.0
0.0
0.000348815652623
7.21185156724e-05
4.8526209996e-05
0.000700436250308
1.58182816362e-05
3.62975047662e-05
8.42930266196e-05
9.85221693603e-07
9.88988746193e-05
0.000238404461241
0.00025712973913
0.0
0.000104300776747
3.64645743764e-05
0.000129230746491
3.42546275619e-05
0.0
0.0
0.0
0.0
3.49047727143e-05
0.0
8.19286762704e-05
1.04283699732e-06
4.59770123681e-06
2.68053473624e-05
0.00444880119621
0.000106270523275
0.0
5.96947439271e-05
0.000119103152405
0.0
4.32480542147e-05
0.00037971999712
8.47788387956e-05
7.49714914746e-05
0.000102056962246
1.98904843206e-05
0.000111750126527
0.000161947145211
6.40174284232e-05
0.000290105526697
0.0
9.38743260285e-05
4.23456087834e-05
0.0
0.00544505435814
0.004273575709
0.00523922515243
0.00393180544975
0.00413031779452
0.00433444044197
0.00252987244339
0.000132516962336
0.0001185265385
3.68035037099e-05
4.54919801497e-05
2.86543987172e-05
0.0
0.000136668345818
0.0
4.45074274979e-05
9.83409321513e-05
0.000146716477134
0.000123615938742
7.71903479883e-05
9.99124895963e-05
0.000144511650026
0.0
0.000116063882744
0.000149112926306
5.76996480052e-05
3.113531013e-05
2.75862074209e-06
0.0
3.68027595552e-05
0.0
0.000115776761593
3.37509154463e-05
5.61719151106e-06
6.99855786268e-05
0.0
3.15323208757e-05
0.000336070106578
0.0
2.13711330217e-05
8.07865545916e-05
6.87363972281e-06
4.38934593852e-05
0.000175547785345
0.00018678274092
7.66450390599e-05
6.62068978101e-05
0.0
8.46032947255e-05
2.87684734532e-05
0.000131437845651
1.83908049472e-05
0.0
1.16767015538e-06
0.00017877154377
0.000126318421548
1.74147206071e-07
4.63633738166e-08
1.45190565373e-07
0.000369169392321
0.000124084104382
2.26941620354e-05
0.0
9.26222638364e-05
5.23264163762e-05
9.19540247362e-06
0.0
0.0
4.02490580782e-05
7.65986505849e-05
4.42870465081e-05
0.000157553196252
4.68965526155e-06
0.00023394876727
6.21906705532e-05
0.0
0.000279419967433
5.0053178264e-05
0.00192185225523
0.000194500039243
0.000123210996141
6.01111090845e-06
0.000149767430573
0.00010137298676
4.02482703417e-05
0.0
2.75862074209e-05
1.80616809827e-07
0.0
5.00475461191e-05
0.0
0.00210152965147
5.06238868802e-05
0.0
2.91917538845e-07
0.000216128674935
0.000204939599157
2.96221853584e-05
5.69883647008e-05
0.0
0.0152741908674
0.0
7.27641790842e-05
9.94611628787e-05
2.9025487808e-05
5.12726904217e-05
1.83908049472e-06
0.000490641969915
4.65376586965e-05
2.94252879156e-05
0.000136948094653
0.000378071484118
0.000121337789182
0.0
0.0
6.28474178943e-05
0.0
6.13026831575e-07
4.97185899264e-05
0.0
4.59770123681e-06
4.53622415057e-05
1.61322850414e-05
0.0
9.68957716438e-07
1.42888389389e-06
0.0
2.4521073263e-06
8.04499138947e-05
0.000138789576029
0.000156490023553
3.86361448472e-05
2.91608957937e-08
0.0
0.0
0.00018132961366
7.66283539469e-07
0.000906417633853
4.2422409067e-05
0.0
1.21557436705e-05
0.000164396114976
2.71394672197e-05
2.46555642519e-05
2.99082787526e-06
4.27902030567e-05
0.0
0.000356559404492
3.75929689363e-05
0.00037902092633
0.0
3.84619425807e-05
0.0
0.00444084726927
3.7547893434e-05
0.000110827557884
0.000165450955149
2.2620781805e-05
6.37441956374e-05
0.0
1.90750380335e-05
5.87774305842e-06
8.05542586894e-05
4.66137148395e-05
0.000138797579219
9.16854733327e-05
1.11459423923e-06
0.000205321484351
0.0
3.82365306523e-05
7.03958285896e-05
2.96217460684e-05
0.0
1.94597441822e-05
0.0
0.000170450759055
0.0
0.0001051516864
0.0
0.00101711136604
0.0
0.000101967714975
0.000280195960875
7.88152127346e-05
5.2884221727e-05
0.00414552615877
0.0
1.6946830133e-05
3.50814346593e-05
2.91744125866e-05
0.0
1.94071389049e-05
0.0
0.000106489113496
0.00048166221809
3.40056393364e-05
0.000113417838456
9.30708752391e-07
0.0
8.68334025567e-05
1.46260989933e-05
0.0
8.46682578269e-05
0.0
0.000262888655825
3.76860757116e-07
0.000216617884967
2.0250174139e-06
1.10344829683e-05
3.95457040904e-06
0.000107900415578
1.83908049472e-06
8.28449243469e-05
0.0
2.02839760448e-05
0.0
9.97991932103e-05
0.000161315125867
0.0
3.22032880283e-05
3.37100931692e-05
0.0
2.5797215979e-05
0.0
8.55710864402e-05
4.92610846801e-07
1.5992004302e-06
0.0
5.17596799007e-05
0.000104655619476
8.14749669595e-05
0.000107185263169
1.3136289248e-06
0.000701875076349
0.000205731327517
0.0
4.59770123681e-06
0.0
0.000187387832677
0.000125239035313
0.0
1.17535623669e-05
3.86060945123e-05
9.85221693603e-07
0.000429508621854
9.81017333602e-07
3.41344485763e-05
8.7949087229e-05
1.3136289248e-06
0.0
3.31865249004e-05
0.00063273184341
0.0
5.06185012358e-05
9.94497738117e-05
0.000160456015823
0.00013568400297
0.0
0.000371091566602
0.000119042508475
5.32699177782e-05
0.000136936194284
8.1665462528e-07
0.0
0.0
0.000571923894981
2.80004147395e-05
0.000231347143803
0.000136377287857
3.51245288409e-05
0.000550568688997
7.01499471464e-05
0.000228904737094
0.0
0.0
0.000293214031879
0.0
0.000514721405972
0.0
0.000229049533024
0.00100801551623
0.0
0.000120636432111
0.000103468223197
4.63384104047e-05
1.96482958838e-06
4.01155417477e-05
0.000152433955989
0.0
0.000215859532877
0.0
0.0
0.0
6.16818786177e-05
2.75862074209e-05
2.4521073263e-06
2.81992342524e-05
2.40868449342e-05
3.67816098945e-06
0.000100818101915
5.26049773696e-05
0.000468371192353
0.0
0.0
0.0
0.000846695484089
3.67816098945e-07
2.20689659367e-05
7.50113472937e-05
0.000109883618585
7.59828940911e-05
2.80638906663e-05
0.0
1.80302009287e-07
0.000174949432371
0.00014262834261
0.000141701257324
0.000139407137034
0.00021716383026
4.03065141761e-05
0.0
6.13026831575e-07
0.0
0.0
0.00101681566926
2.10317464315e-05
0.0
3.37988995123e-05
0.0
3.23916192142e-06
0.0
3.46252818375e-05
0.000451365773885
0.0
8.95058981037e-05
0.00231739603269
0.000102709311868
6.72452006942e-06
0.0
0.0
8.24234062714e-05
9.12779441079e-05
4.26453448052e-05
3.94088677441e-06
0.0
0.000104161201031
4.27704104799e-05
2.7232538095e-06
2.78648559807e-05
0.0
0.000928370246606
9.95073910539e-05
0.000135346868147
0.0
4.72950837094e-07
0.0
8.68131500133e-05
0.000233106289647
0.0
0.000293810217114
4.57689912044e-05
4.08461338912e-05
9.85221693603e-07
3.20525457652e-05
4.78996874308e-05
2.75862074209e-06
0.000260771238043
0.0
0.00100944662069
7.4651796439e-05
2.4521073263e-06
0.000549240242919
0.0
8.12172576154e-05
0.00443986522612
0.000298305180245
0.0
9.39717686669e-05
4.06269600198e-05
0.000189547964255
5.25451569921e-07
5.17977789723e-05
5.37931044707e-05
0.000512405628039
2.60480673707e-05
4.41472863312e-05
1.09036392968e-07
1.24137933394e-05
0.0
0.0
1.80302009287e-07
6.05550894604e-07
0.000389739525514
0.000151628000316
5.76513177996e-05
0.000133493066715
0.0
2.19274982063e-06
0.000296025886695
0.0
0.000398057603905
0.000216880520184
0.0
2.75862074209e-05
0.0
0.000139243812056
0.000266679393149
0.0
4.2949483659e-05
3.86175605238e-05
0.000202631519044
0.000250830027407
2.90950327867e-05
2.35109722337e-05
3.99800107549e-05
3.93047566381e-05
0.000851187246948
0.000359807477285
9.19540247362e-06
4.75063404553e-05
0.000181951029896
0.0
0.000296586041158
0.000142682473964
0.00480266405628
4.13793111313e-05
0.00449374206574
8.51764005884e-05
9.97704196965e-05
4.26755872706e-05
0.000140826231237
8.76139120956e-05
9.19540247362e-06
1.54940650681e-05
0.0
0.000113826908808
0.0
2.16410982298e-05
2.26348368582e-05
9.85221693603e-07
0.0
0.0
9.36043733769e-05
0.0
4.28542629065e-05
3.54679809697e-05
0.0
0.000121489556172
0.0
0.0
0.0
3.51596091929e-05
0.000753092045911
3.59552739202e-05
5.5471243038e-05
0.0
8.07685048145e-05
2.56671785172e-05
0.000235098502685
3.79339288618e-05
0.000801939744354
2.87247967239e-05
4.87731455174e-05
0.000228189640788
0.000343454404082
0.000345658346393
0.0
9.52773932871e-05
6.8553264167e-05
0.0
0.0
9.44932464018e-05
6.74014603689e-05
0.000138634698352
0.000606046555225
0.0
1.71965968338e-05
4.27884258771e-05
2.75862074209e-05
0.000186128990243
8.32133399674e-07
0.000100792183368
7.10749256071e-05
0.00306139127075
0.000132080342237
9.49202835987e-07
3.17417055084e-06
0.000293015935619
6.94666758905e-05
0.000192910342395
4.09459290838e-05
0.0
2.91823904918e-05
0.0
0.0
0.000121011373484
0.00020496259449
0.000390365726006
3.78325130343e-05
5.17241389141e-05
0.0
2.79667068336e-05
7.43062826152e-08
3.33724769577e-05
0.000194415079514
0.00015727621138
0.000695895276262
9.75242526677e-05
2.84393890937e-05
0.0
6.36707338243e-05
4.86256695782e-05
7.1449444933e-05
0.0
0.000183182021805
0.000139770545227
7.3563219789e-06
0.0
0.0003135310008
4.46153854634e-05
9.12911479029e-05
0.0
9.81254477223e-05
0.000196252138088
7.59727518785e-05
0.0
9.86086433488e-05
8.09586711401e-05
4.56376780966e-05
0.000198503926415
2.81731480043e-07
7.88062124275e-05
0.000225488756418
0.000162462528803
0.0
6.38202125438e-05
8.23088140328e-05
3.40435640633e-05
0.000102946707237
0.0
0.000121751087937
3.06513415787e-06
0.00297495924707
0.0
0.0
4.4165535333e-06
9.0944842225e-05
0.000140763894867
3.55356938009e-05
9.76001725266e-05
8.29531813574e-05
7.69895560711e-05
0.000116196411856
0.000187162695997
2.45626616901e-05
0.0
3.19699408235e-05
5.84494300635e-05
0.000416345689886
0.0
0.000118789992262
0.00013233629341
0.0
0.0
0.000104295222793
0.0
4.05355107044e-05
7.60832989866e-05
0.000661093479011
5.59121635383e-05
4.35932107283e-05
7.13330105973e-05
2.54332666271e-05
0.0
3.00383147472e-05
0.000301686335084
0.000124024902872
0.00040419047479
0.000167178662718
0.0
0.0
6.49593594181e-05
0.000195389070433
8.86668325308e-05
0.000245421219844
0.000272298964166
0.000748634599975
2.00119010552e-05
6.44788989353e-05
7.08817632635e-05
3.72786586769e-05
0.000152640347574
3.7918848171e-07
0.0
0.00149403703336
0.0
3.04805321132e-05
1.83908049472e-06
8.12847824709e-05
6.13026831575e-07
0.0013277094297
0.000175484750994
2.41520831045e-07
2.03702948464e-05
7.5303167201e-05
2.29885061841e-06
0.0
0.0
0.0
0.000126851113443
7.16524868074e-08
1.80564266755e-05
0.000118855985001
0.000148154174277
1.83908049472e-06
0.000117459424799
9.19540247362e-08
0.0
1.34394343845e-06
7.86342138002e-05
0.000254491005101
0.000115462102594
0.0
2.65267087006e-05
0.0
3.67816098945e-06
8.14211091755e-05
5.32755252587e-05
6.88379543816e-05
0.000254880169075
0.000101778415927
5.80762261492e-07
3.58620696471e-05
4.3783548064e-05
9.50918993938e-07
6.321875676e-05
0.0
0.00100773096357
0.000355419449794
0.000168974742964
3.94088677441e-06
0.0
4.86628998921e-05
4.64326027634e-05
7.08939489933e-05
0.000145220404527
1.97044338721e-06
9.54036128031e-05
0.0
3.03235782833e-05
6.36014430668e-05
0.0
0.000127227585912
0.000171786508045
7.85931835352e-08
0.0
0.0
0.0
0.000720303688471
0.000155766938053
0.000154640610523
0.000331024020263
0.0
0.000116738306919
4.90565202162e-05
1.6985355662e-05
0.0
0.0
5.06185012358e-05
0.000186003485099
0.000337210513966
0.0
0.0
3.64303042734e-05
9.58019112944e-05
0.0
0.000267259526239
0.0
0.0
0.0
0.000100821708365
2.22469414684e-07
0.000710351905599
0.00124677879158
8.54510979999e-05
4.71638369573e-05
0.0
0.000168931584754
0.000154963143877
0.000119326061407
0.000100139480544
4.98526944828e-05
0.000532335768929
0.0
4.12326621535e-05
3.33938300358e-05
8.41536127099e-05
3.85106599323e-06
0.000480742321426
6.52674540942e-05
9.12269361252e-05
2.84198565462e-05
3.19892008131e-05
4.52188807812e-05
2.75862074209e-05
0.000114090681795
0.000196057061507
6.56732965864e-05
3.3103448905e-06
0.0
0.0
4.96423126548e-05
0.000114999524807
0.0
4.49018576174e-05
0.000410837975122
0.000102883694006
4.80020853104e-05
0.0
1.3136289248e-06
4.14730324728e-05
1.17796897725e-05
2.28629977666e-05
4.61573143774e-05
5.57924898572e-05
7.33013667094e-05
0.0
3.39930748304e-05
9.19540247362e-06
0.000198452146427
0.0
2.40546398042e-05
0.000177493499475
4.46751128964e-05
0.000188074067822
0.00195376119091
1.63522288815e-05
6.20476159694e-05
0.000138692604223
3.33243503878e-05
0.000816888038179
3.23838087115e-05
1.03246624265e-05
2.56756167691e-05
0.0
2.56646401354e-05
0.0
0.0
0.000106872948722
0.000404265914183
8.17049604232e-05
0.000816461568427
0.0
1.50197136593e-05
0.000101123558123
2.81423809576e-06
0.0
0.0
2.62725784961e-07
0.0
4.39370239202e-05
5.31900293734e-05
0.000122687845801
4.8490813086e-05
4.47047271579e-05
0.0
0.0
2.00465247379e-05
3.33333339669e-05
0.0
0.000363147686821
0.00146630578294
0.000211300930849
8.5404184339e-05
7.15518369609e-05
0.000304352192506
0.000382073790102
0.0
5.24299263847e-06
0.000154295872054
3.16936684841e-05
4.59770123681e-06
0.0
0.000242855935253
0.00017929548818
0.000123672951471
0.000127427790108
0.000443901744391
0.0
0.000120601130979
0.0
0.0
0.000621307264978
0.000323380191777
0.0
0.000244983856508
9.19540247362e-06
0.00423551015436
0.0
0.0
8.80711583709e-05
0.00014305092722
0.0
7.94745499506e-06
2.28374080213e-05
9.12617620743e-05
0.00072902398506
0.0
0.000130152636592
7.44364522541e-05
0.0
0.0
0.00433997416896
0.000207169519088
5.21218900132e-05
0.0
3.50537187159e-05
0.0
0.00126282311349
0.0
0.000155271559945
3.81500521126e-05
0.000655249675281
0.0
2.00626963061e-06
0.0
0.000353696348989
6.84923741917e-05
8.1694680063e-05
2.46305423401e-05
2.8232942889e-05
5.40843585606e-07
4.08306492816e-05
4.22634700712e-05
5.70257517744e-08
6.77206388453e-05
0.000200004381671
3.53669325909e-07
0.000368486035912
0.000734641991259
2.75862074209e-05
0.00015953546095
5.13721171161e-05
0.000137268973958
4.90074492371e-05
6.87945632009e-05
4.61744647135e-05
0.0
5.41609205696e-05
0.0
1.06855665109e-05
4.00847628501e-05
0.0
0.0
6.23737817733e-05
0.000477749383027
0.0
0.000974125453475
4.22594774395e-05
3.45021180181e-05
0.0
0.0
9.19173101927e-05
5.44980020663e-08
9.74253847956e-05
0.000223335128385
0.0
1.07863958635e-07
8.08462816932e-05
5.46692020596e-05
2.96769101179e-05
0.0
0.0
0.000155263352405
6.06922370803e-05
4.28696004977e-05
4.0767021545e-05
4.17250557177e-05
6.07054931661e-05
0.0
0.000184468118639
2.4420677826e-06
0.000384149501374
2.06896555657e-06
4.59770123681e-06
0.00023834264444
2.75862074209e-06
0.000106528546838
0.000163531733041
0.0
4.21892375123e-05
0.00011848672137
0.00061827214407
7.90481967031e-06
1.30671508836e-05
4.89226660341e-05
5.35630332671e-05
0.0
6.1305923257e-05
0.000955119634782
0.000139502129154
7.7169528919e-05
4.25921228337e-05
2.62725784961e-07
1.74000364804e-05
0.0
1.04493209928e-05
0.0
0.0
5.97663932435e-05
5.91442335894e-05
0.000144289135192
0.000166858960534
0.000111930534065
0.0
0.000206993181831
4.86328129555e-05
0.000109643826991
2.36527543693e-07
0.000427377214365
3.25179457271e-05
4.98939628599e-05
1.49276014182e-05
3.97276416965e-05
0.00012076642315
0.0
0.000100020451109
1.53256707894e-06
0.00318566695121
0.0
0.0
0.0
7.97486377044e-05
0.0
9.19540247362e-06
0.000658494167416
4.58824042385e-05
0.0
3.51483887812e-06
3.03145136493e-07
0.0
0.0
1.13282904251e-06
0.0
2.88902826808e-05
0.000511581763426
0.0
0.00106042609758
3.33882027171e-05
1.5718636707e-07
0.000213937671719
0.000300391436759
3.65618779486e-05
0.0
1.02835339636e-05
3.97670824289e-05
0.0
0.00011464976293
1.41467730363e-06
3.6215738973e-05
0.0
0.0
0.0
6.43184910818e-05
2.25419536889e-05
0.000113763160193
0.0
5.01567407652e-07
0.0
0.000166172252257
7.21208037147e-07
5.80623984763e-05
0.0
7.52594394263e-05
8.08184933891e-05
0.0
0.000150191289879
3.50694785395e-05
5.53697876659e-05
0.00123664833004
4.41581415492e-05
0.000238316416934
4.13793111313e-05
8.86699524242e-06
6.37172661338e-05
5.22466049637e-08
3.21839086577e-05
1.64300205963e-05
0.0
0.000111053466384
7.04980856311e-06
0.0
9.2031316839e-05
0.0
2.46215163485e-05
4.70219444674e-05
5.97951630573e-05
0.0
0.0
2.75862074209e-05
9.93691598625e-05
0.0001570866239
2.78095440327e-05
3.79638759268e-05
2.6760920672e-05
0.0
0.0
0.0
3.94088677441e-06
0.0
0.0
1.04979224857e-06
7.71320292399e-05
1.98259315671e-05
4.72906412929e-05
5.37421508406e-05
3.58473176646e-05
0.0
0.000110440854971
5.03314489892e-05
0.000116403759129
4.03028402791e-05
0.0
4.2528940319e-05
0.0
0.000361194828062
2.94252879156e-05
2.75862074209e-05
5.25215205537e-05
0.000129851076635
0.0
8.79124072302e-05
0.0
0.0
0.000141750595101
3.94964430058e-05
0.0
7.79781017203e-05
7.92481662426e-05
0.0
0.0
0.000154113705157
0.0
7.58169048441e-06
2.75862074209e-05
0.0
4.38200747292e-05
9.37308006873e-05
7.31415742078e-05
3.15125120562e-05
0.0
0.0
0.000121534546586
0.00146525427434
3.78931420616e-06
0.000292864446165
2.70403641295e-05
0.000176506668993
0.0
0.0
0.0
1.45190565373e-07
0.0
5.78278497586e-05
7.48768487138e-05
9.05145427549e-05
7.66283539469e-07
5.25451569921e-06
4.37608048105e-05
1.00333870449e-05
0.0
0.000337401350299
2.75862074209e-06
2.94786719648e-05
0.000106915273458
0.000257121132242
0.0
5.8147397995e-05
0.000427015669491
8.83540155035e-05
0.000107606379795
3.87500065763e-05
9.27702114285e-05
7.20684664116e-07
8.74706677176e-06
2.58116560663e-06
0.000443866862076
0.0
3.76104912442e-05
0.0
5.25451569921e-06
8.38344932473e-05
0.00145270097175
0.00074736918183
4.41379318734e-05
0.000206518445552
3.67816098945e-05
3.18643570451e-05
6.23409306191e-05
4.45676477072e-05
3.74031747042e-05
4.08692690243e-05
0.000213100867425
4.82918943826e-05
0.0
0.0
0.000152288560297
0.000131340779389
0.0
0.0
0.0
8.40722511874e-06
4.35937573983e-05
4.83490666858e-05
0.0
0.0
0.0
0.0
4.3652899655e-05
9.19540247362e-06
2.89655177919e-05
5.19269786746e-05
0.0
0.0
0.00179869282117
8.39993611517e-05
0.0
0.000350609790916
9.19540247362e-07
1.1779931776e-06
0.000102321439534
0.0
0.000169781673122
6.30545939631e-05
1.10344829683e-05
0.0
0.0
0.0
9.00307215977e-05
7.17003159285e-05
3.92337172208e-05
0.0
0.0
5.51724148417e-06
0.000361284651689
0.000287056828991
0.0
0.0
0.000111069504414
3.34258282504e-05
3.8192031659e-05
0.000303314017807
0.00101515892936
9.19540247362e-06
6.13980387295e-05
0.000119929279035
0.000110858572621
0.000198285786728
0.000192898292078
0.0
2.4530504445e-05
0.000111311436813
0.0
3.20284208891e-05
7.38906099375e-05
3.43295025682e-05
0.000846741706116
0.000150576077984
5.04670575508e-06
0.000178809173147
0.000332737501183
0.00101029282621
5.03177825745e-05
0.0
2.69347250316e-05
5.51724148417e-06
3.67816098945e-05
3.72043362738e-05
0.0
0.0
8.38034213813e-05
0.000330142471467
0.00019653426949
0.000260809492936
7.21716672518e-05
0.0
1.03551829658e-06
0.000525354039525
0.0
0.000102087579625
0.0
0.0
0.0
0.000202389243695
0.000190463118078
1.58765617319e-05
5.30100663173e-05
0.00010328295773
0.0
2.46305423401e-05
0.000349925304129
0.0
0.000397920584658
0.0
3.67816098945e-05
0.000290454728838
0.0
2.62725784961e-07
9.21901390789e-05
8.24049529367e-06
0.0
0.000196684309826
0.00265326909843
9.34181816777e-05
0.000151755465627
4.23197500207e-06
0.0
0.0
4.82758629865e-05
0.000256916503329
0.0
0.0
0.000175034541008
0.0
0.0
0.000175157852761
0.000238546496845
2.10910421816e-05
0.000219393485504
0.00018330797706
3.31691303513e-05
0.0
0.000218550441008
4.32586708724e-05
2.72830622844e-06
0.0
0.0
1.85554987229e-05
2.38744329854e-05
0.000175608194344
0.0
4.69769935338e-05
9.24832516583e-05
6.13026831575e-07
1.77873060987e-06
0.0
3.89749430085e-05
2.46823961134e-05
3.6112853351e-05
0.0
0.0
9.30269512845e-05
0.000111452249417
0.0
5.74798279807e-05
0.000289557489776
0.0
0.000117278474686
0.000303649758816
6.13026831575e-07
2.6482759124e-06
0.0
5.26645778035e-05
0.0
9.17757266877e-05
0.0
3.29688820396e-05
0.0
0.0
0.000202531533123
0.0
3.20057031834e-07
0.000496182528252
0.000456470560844
0.000143847051626
5.45394016036e-05
8.01926775711e-05
0.000212602292914
0.0
3.92024700715e-05
0.0
0.0
4.27939884349e-05
4.1797283971e-07
0.0
3.18782364705e-05
0.00646221846342
7.94335723808e-05
0.000171037551634
3.94300235657e-05
0.000133711844441
0.000274073322122
0.000699008061815
7.47255722993e-05
0.000141034416858
0.0
1.61228564704e-08
0.000156298993564
0.000153169774671
2.28466533328e-05
0.0
2.3930878196e-05
6.2872512799e-05
0.00035075629625
5.01567407652e-07
0.000229416102957
0.00467649012339
7.02844019927e-05
0.000342843516829
3.70715550175e-05
5.22466049637e-08
0.0
0.0
0.000134671784001
2.38851782839e-05
9.06413218863e-05
0.000187653976061
0.000973988129754
0.000475054005983
0.000444054434288
0.000391857561927
9.30760103565e-05
0.0
0.0
8.48686364123e-05
4.34856471659e-06
0.000294085513825
3.50770441883e-05
1.16156797544e-05
2.99353219759e-05
2.52447262899e-05
2.81224968966e-07
6.29986598186e-05
0.0
0.000684392794349
5.1248687226e-06
0.000109579607245
4.48635354046e-05
1.61322850414e-07
0.0
0.000223716450731
6.34920646988e-06
0.000448720265491
9.28454711068e-05
0.0
0.000116697936046
2.25504141732e-05
7.67468974343e-05
0.000195176515031
7.43378078791e-05
2.64628813374e-05
0.0
0.0
0.0
5.39985336749e-05
0.0
0.0
5.4664050638e-05
4.71278637633e-05
6.24367901209e-05
8.08318360777e-05
9.6885318173e-05
0.0
0.0
0.0
1.67189135884e-06
0.0
0.0
0.000130562048874
0.0
0.0
1.21258054597e-06
6.6378072442e-05
0.000204814388554
0.000138860767398
7.94493963037e-05
5.34961984262e-05
4.29745420338e-05
4.3993690266e-06
0.000735187428099
5.19269786746e-05
2.66221770673e-05
7.95670367175e-05
4.45837695691e-05
0.000729951175437
2.26348368582e-05
0.0
0.000170063977135
4.41379318734e-05
7.01221675687e-05
0.0
0.00012505175033
5.62312540546e-05
0.0
1.35226506965e-05
0.000413397872491
0.0
0.000964093480185
9.14043036764e-05
0.000457603630855
0.00021376718409
0.0
2.59634893373e-05
3.72283500956e-08
0.00010101124595
6.63713206689e-05
4.27282526616e-05
0.000121782535494
0.0
5.5422468654e-05
0.0
0.0
0.000104436472952
4.76650841511e-05
0.000479736465659
2.28457204314e-07
4.67842640418e-05
3.24257213e-05
3.87071413155e-05
0.0
8.9005782616e-05
0.0
3.62713463263e-05
9.85221693603e-07
4.68781951877e-05
0.000196350388778
4.61573143774e-05
2.46225074677e-05
7.88269986454e-05
2.68557315234e-05
0.000153026471568
0.000114494308915
2.33255006793e-05
3.97810626061e-05
0.000199232494116
0.000104481492006
0.000237793012444
0.0
0.0
0.000305085439466
0.0
0.0
4.55728188528e-06
0.000703911718654
0.0
4.9042146526e-05
9.85221693603e-07
2.55694823045e-05
1.10344829683e-05
0.0
0.0
2.20689659367e-05
0.000119900227488
0.000125723380847
0.000171286488513
0.0
0.000107257754096
4.57645509821e-05
0.0
3.06513415787e-06
0.000677080821722
4.01094698373e-05
9.13235907123e-05
3.88402037093e-05
0.0
0.0
2.4521073263e-06
0.0
3.63826579261e-05
0.0
4.45552022377e-05
5.2286678168e-05
3.58220896364e-05
4.64456797774e-05
2.29885061841e-05
0.000104093311893
3.54679809697e-05
7.18245932709e-05
0.0
0.000210914607942
0.000189652248652
0.0
0.000148389839765
0.000124541163149
6.7195202019e-05
0.000109245256
4.75263402627e-05
1.21258054597e-06
0.000196163575393
4.59770123681e-06
5.74712654601e-07
5.27707362726e-05
2.57222928758e-05
5.0169666581e-05
6.73086676762e-05
5.11941927153e-05
0.0
0.000214998526844
0.0
0.000145390388658
1.01337088485e-06
0.0
7.49453554761e-05
3.97241386861e-05
8.15671764832e-05
0.000118944852544
2.69187991768e-05
0.000572693282484
0.000177257689976
6.23252513095e-05
2.47466956405e-05
1.47484702012e-06
0.0
7.70195515135e-05
4.55343765348e-05
2.75862074209e-05
7.10314091789e-05
0.0
0.000599619178109
8.96659131998e-05
1.99737303288e-05
0.0
6.22792362433e-05
0.000130700153484
0.000158220181586
0.00012313840864
8.23847386946e-05
0.0
0.000144436045185
0.0
0.0
0.000264563012598
4.69040949825e-05
6.59839789622e-05
0.000364175911045
0.00182943597952
3.76498865741e-05
0.0
5.80620472386e-05
1.61322850414e-07
0.000375773516189
0.0
0.00012133119276
0.000200809486096
0.0
1.14524558081e-05
0.00023493136658
0.000115618045406
8.3894654139e-05
8.02762512521e-05
0.0
0.000104440202296
0.000183850461777
0.0
1.09469077067e-06
2.42065621005e-05
0.0
4.49698968591e-05
0.000167550036944
0.000196604013855
2.9045408816e-06
0.000164506844282
3.79993060068e-05
0.00012315816774
4.86316878854e-05
0.0
9.5534282852e-05
0.0
1.75728494905e-06
0.0
3.53669325909e-07
4.59770123681e-06
4.4247991156e-05
1.43069644369e-05
1.96744223001e-05
0.0
0.0
0.0
0.0
2.0007018148e-05
0.000100982814973
0.0
6.32783164746e-05
0.0127801287417
1.61228564704e-08
3.01957135283e-05
0.0
6.57582871554e-05
8.02507852244e-06
0.0
0.0
5.73360389532e-06
0.000104977455938
4.51845742324e-05
0.0
4.91945965452e-05
5.43132558089e-05
9.45362909095e-05
0.0
2.50855768109e-05
0.00012959533549
0.000463183133367
0.000547052612226
4.52265829708e-05
4.72906412929e-05
3.49138218018e-05
7.3563219789e-06
5.25451569921e-06
0.0
0.000318140153938
4.79016955618e-05
2.9539770939e-05
0.000326728549395
2.40545665807e-05
2.19518891943e-07
0.000107147645059
4.32480542147e-05
8.74595701237e-05
7.56082775156e-05
2.75862074209e-05
8.86699524242e-06
0.0
5.15830731199e-06
0.0
5.25451569921e-07
1.22511054495e-05
4.0248936087e-05
8.72383114635e-05
3.24836322193e-05
0.0
2.75862074209e-05
8.80313655633e-05
6.83836797572e-05
0.000394920617056
0.0
7.3222949801e-05
0.0
1.80564266755e-05
0.0
6.63693462496e-06
0.0
2.8604840875e-05
0.000119871511325
0.0
0.0
0.000301353736248
4.32054083542e-05
7.95543498386e-07
0.000156174340648
0.0
9.19540247362e-06
6.51341008548e-05
3.86546779653e-05
9.17547155201e-05
0.000103445635905
4.10232069047e-05
8.03386039143e-05
5.09283829308e-05
0.000170484955084
8.67675233283e-05
0.0
0.00257578488431
2.90521411486e-05
0.0
3.71111654027e-05
2.69174508773e-05
0.000223288448448
9.25881904241e-06
4.68781951877e-05
0.0
0.0
4.40214290366e-05
0.000917731154744
0.000462297799426
2.75862074209e-05
3.76121309875e-05
0.0
1.30671508836e-06
0.00030031378329
0.000564635676255
2.39508157453e-05
2.75862074209e-05
0.00114232982381
4.83477750838e-05
3.28804706267e-05
0.000179033136009
4.02781604364e-05
0.000702814149301
5.0055618304e-05
0.000234241216494
4.44435267879e-05
2.65784710697e-05
0.0
0.000272171153948
2.78369911247e-05
0.0
8.31494453028e-05
2.75862074209e-05
0.0
8.85243209154e-05
3.86428925682e-05
0.000284463419051
4.6913085553e-05
0.0
0.000131983459031
3.90370859729e-05
5.01124582373e-05
1.03791633895e-05
0.0
4.13793111313e-05
5.16954906238e-05
4.1797283971e-07
4.48919624165e-05
6.70164132725e-05
0.0
0.0
0.0
0.0
0.000131161894799
0.0
7.57173762794e-05
0.0
0.0
0.0
0.000220697277421
0.0
4.59770123681e-05
0.0
2.65150013657e-05
3.57557390637e-05
6.18347574118e-05
9.36725093533e-05
0.0
0.00339066355288
0.0
0.0
0.0
1.27320957327e-05
2.75862074209e-06
0.0
0.0
4.85032218389e-06
5.30503988863e-05
8.39685678937e-05
0.000135864079887
1.92279397386e-06
0.000130005184626
0.0
0.0
0.0001708890815
5.46708474341e-05
0.0
4.06567265837e-05
0.0
0.000543576399927
0.000990460812838
3.3157291604e-05
7.68723391636e-05
2.16588573943e-05
0.0
0.000119368643307
7.62459238956e-05
1.32953074863e-05
0.0
8.09809317213e-05
8.38084045486e-05
0.00292482680385
0.0
0.0
0.000117115349102
0.0
2.49201918335e-05
0.00558623577806
2.12584620823e-05
0.0
2.24008300861e-05
7.17220570112e-05
3.9934319314e-05
1.05090313984e-06
9.19975840636e-05
7.63949889015e-05
8.85591396292e-05
0.000208829134385
0.0
9.39534515062e-05
0.0
3.08685430474e-05
0.0
0.000154917349198
0.0
0.000150579536641
3.45390213994e-05
0.000322315763801
0.000866249924726
6.1540082399e-05
0.000102735189343
3.81959234097e-05
0.000130271469663
0.0
3.05287896995e-05
3.80861083871e-05
6.53895287013e-07
2.52445056355e-05
3.89995955247e-05
4.59770123681e-05
0.00122896063631
1.80302009287e-07
0.000178895625592
0.0
0.000269159652619
0.0
1.3136289248e-06
0.00011962608737
5.05612778912e-05
0.000121713393561
0.0010329788778
0.00030556530453
0.0
0.000125883491585
0.0
0.000172139776918
9.19745010448e-05
0.000447049086657
0.0
8.14619299679e-05
0.00034678379324
7.67340482282e-06
0.0
1.61322850414e-07
8.40835524076e-05
0.00045016476776
0.0
0.000207193012093
0.0
2.91608957937e-08
4.77453589977e-05
8.48806382181e-08
0.0
0.0
0.0
0.0
4.17879518166e-05
3.67816098945e-05
1.58573777351e-05
0.00240057004142
4.17270364349e-07
8.69585344589e-08
3.46320963751e-05
0.0
3.58220896364e-05
0.000575707492555
6.35588145887e-05
0.0
2.13321914528e-06
9.50663148042e-05
0.000114714284324
0.0
0.00244701416375
0.000289364696453
0.000141549492479
0.0
1.65682927453e-07
1.28607027602e-08
0.0
2.06896555657e-06
3.06093534396e-05
1.17604357952e-05
6.13598520873e-05
0.000119163829372
0.000197029622355
0.000636297725608
0.0
0.000161842823383
1.75680584101e-05
0.000239649168154
4.43956058758e-05
5.50738926724e-05
5.85925706221e-05
8.82905272899e-05
0.000284587458696
2.81167114097e-05
7.71642165619e-07
0.000264625522254
3.8461273351e-05
9.19540247362e-06
0.000705604223923
3.73641039583e-05
1.34604314503e-06
3.55377873377e-07
4.59770123681e-05
0.000438905777068
0.0
0.0
8.2800876506e-05
0.00057163157263
6.42180530718e-05
0.000371810281056
0.00244541457571
3.29058551224e-05
9.63300191263e-05
2.9654935738e-05
0.000116476701022
4.76168757894e-05
5.35663975434e-05
4.05416732542e-05
5.04681689847e-05
2.62599474487e-05
0.00154560473388
5.1950496328e-05
2.9539770939e-05
0.000551964808251
8.49132971783e-09
0.0
0.000113943819624
0.0
0.000141872593862
3.97817014177e-05
7.48337894619e-05
0.000119860713056
3.53104601338e-05
4.12479482388e-05
0.0
0.0
0.000180817664107
0.0
0.0
0.0
7.9135300413e-05
4.71592303359e-05
0.000117214753672
0.000321072757086
1.63247089684e-07
8.467638393e-05
0.0
0.000127308228407
6.45291401658e-07
0.000238668688475
0.000228720480824
0.000801078275087
1.83908049472e-06
0.0
0.000404971326207
4.77683245383e-07
0.000189659339313
2.40040665656e-05
4.13793111313e-05
2.65747131488e-05
0.000135202361424
3.94712758253e-05
0.0
0.000129594919723
0.00818628048967
0.0
0.000128317406618
8.49659254614e-05
0.000173764319968
7.60811206829e-05
0.0
0.0005220586541
0.000104126596748
5.25451569921e-06
0.000153075909015
0.000106691500833
0.0
0.0
9.49202835987e-07
0.0
2.48524391179e-07
0.0
0.0
0.00093369084623
6.2923306098e-05
7.01290250905e-05
0.000306250750099
0.000249377880669
0.0
0.000126743489272
1.30601368466e-06
3.62382246566e-05
0.0
8.29202491451e-05
8.82131422137e-05
3.5461814575e-05
0.0
8.60730288928e-05
0.000197548204362
3.24543616716e-06
0.0
0.0
0.00114938661216
0.000128240318284
0.000287126997023
0.000148088821806
4.23317760934e-05
0.000469974156141
4.13916343849e-05
0.000138020920386
9.02557747299e-05
0.0
0.00011395604648
8.93312901426e-05
6.7294288728e-05
0.0
2.14222563122e-06
3.85804697377e-05
0.0
4.19525310258e-05
3.81376083629e-05
7.60505652205e-05
8.83118165649e-05
0.000110495227025
0.0
0.0
0.00010178077423
0.0
9.85221693603e-07
0.0
0.0
0.0155677765245
0.000290406237884
0.000206999679938
0.0
0.00125644602437
3.94706164922e-05
5.05747136049e-05
5.08433021024e-05
3.03640010881e-05
2.63378160183e-05
0.00014124256532
2.36871541901e-05
2.75862074209e-05
0.0
4.77087397925e-05
0.000862594870612
0.000239696420801
0.000344234202344
7.50217002361e-05
0.0
0.0
0.0
5.67248853892e-06
8.18032557719e-05
4.48206634938e-05
4.14917395592e-05
7.12886080294e-05
1.54428788056e-05
2.75862074209e-06
0.000138493138267
0.000137449403675
0.0
0.0
9.89522599617e-05
0.0
4.59770123681e-06
0.000285294252423
0.0
4.11367950221e-05
2.95410206384e-05
0.0
9.134888162e-05
8.42440665579e-05
7.87243051523e-05
4.63535813009e-05
0.00013018789625
0.0
5.04798978689e-05
1.77399887904e-06
7.23406554049e-05
0.00011004852192
0.0
7.67241889591e-06
5.27928902731e-05
9.74556766366e-05
0.0
0.000142570866827
0.000338011234021
1.83908049472e-06
5.51724148417e-05
0.0
4.05064417014e-05
0.0
0.000453353385776
2.84573508131e-05
0.0
0.000486722039075
6.99633750358e-05
0.000116632612694
0.0
0.0
0.0
0.000135678729317
0.0
0.0
0.000114577446401
0.000111478978416
0.000120482453266
4.92820265905e-05
2.48690074106e-05
5.29754837089e-05
0.000250247918364
9.66832925289e-05
7.50870088765e-05
7.96059128431e-05
0.000609478636808
3.94088677441e-06
5.87823482325e-05
0.000189088427384
3.97545595664e-07
0.000205274699308
1.10344829683e-05
0.0
0.000257009226538
0.000304472301464
7.8005146907e-05
5.85878500462e-05
9.60659682529e-05
4.20361255937e-05
0.0
0.0
0.0
0.00014644011304
0.0
3.88678470382e-05
8.75777989526e-05
0.0
4.93784883456e-05
2.75862074209e-05
0.0
9.19540247362e-06
0.0
3.4582373994e-05
4.51410666887e-06
0.0
3.30812108418e-05
0.000239011578609
3.58519314625e-05
0.000133513637877
0.0
0.000234635660644
9.03142005244e-05
2.58162889277e-05
6.68340214102e-05
7.07736033082e-05
0.00286256701226
0.0
7.048974513e-05
0.0
7.29793847113e-08
0.000129798803406
5.0756049609e-05
0.000278851682695
0.00013932742443
4.35013270868e-05
9.94855937791e-05
0.000620386496446
0.000190059835996
0.000628805463654
0.0
0.0
0.0
8.48806382181e-08
0.0
0.00058055957816
0.000197351778437
4.48985561553e-05
7.74849276454e-05
2.94252879156e-05
0.000115146998874
0.0
0.0
3.3632326549e-05
7.07799226981e-05
0.000130581452959
5.96903172668e-05
0.000165263518653
9.19540247362e-06
0.00015486632104
0.000213118963631
8.40878831366e-05
0.0
4.85591173452e-05
0.000135796351324
2.75862074209e-06
0.0
7.1806476801e-05
1.38324003022e-05
3.17898199802e-05
4.62892050067e-05
4.59770123681e-06
5.96565137731e-05
8.49102983845e-05
0.000318301883226
0.0
7.27956314324e-05
4.16091961931e-05
0.0
6.76117680599e-05
0.00021822741982
4.8843884505e-05
4.72906412929e-05
0.0
5.58236972242e-05
3.20711584911e-05
4.4255947734e-05
7.13831581455e-05
6.91925256597e-05
3.98767853942e-05
0.000145885464405
0.0
0.000536797050028
0.0
6.13026831575e-07
0.0
0.000292773205733
3.55345613766e-05
0.000177589832143
0.000202569154773
6.64087704076e-05
0.000130122243383
0.000120545668161
5.41416534131e-05
7.43929105401e-05
3.13101595112e-05
6.11148634838e-05
8.163505234e-05
5.5367382673e-05
0.0
0.0
0.0
0.000128459770963
5.35748297655e-05
3.64532026633e-05
0.0
0.000123280273266
0.0
0.000237216067624
8.03610229871e-05
0.000115907351364
5.3579315075e-05
0.000104490053329
2.36453206465e-06
4.46556562143e-05
0.000161050562476
0.000132387573631
0.0
9.32704912637e-06
0.000366465413915
3.67246553537e-05
4.14207318632e-08
2.34576593715e-06
1.81552295348e-05
0.00014143265539
0.000299532866703
0.00416673872201
0.0
0.0
0.000297886331132
3.9845921717e-05
7.78543532608e-05
1.80302009287e-05
3.04710395695e-05
4.10508334416e-05
0.000402562139456
7.66283539469e-07
0.0
8.69761767986e-06
1.39043384178e-06
0.000230115857699
6.71355354339e-05
0.0
0.000101693344446
0.000360918441746
7.36272992487e-05
0.000108899569441
0.000228420869533
4.13793111313e-05
0.000585736867978
0.0
0.0
0.000280864601882
0.000230679060212
9.19540247362e-06
7.75029532457e-07
3.92337172208e-05
0.000328797635793
3.36417163669e-06
3.91293722282e-05
2.46713996391e-05
1.88623640485e-06
0.0
4.13793111313e-05
8.67174988309e-05
3.13161416591e-05
0.000184608114236
9.71538881235e-05
0.0
0.000728591893371
0.000151022964343
0.0
6.3819406508e-05
2.86504926433e-05
7.89250315132e-05
0.0
0.000181335811835
2.75862074209e-05
0.0
4.39452509202e-06
3.30200030819e-05
8.37880451221e-05
3.40384558719e-05
0.000448200736826
0.000269656839765
8.47704716558e-05
9.10713582833e-05
0.000114141910633
8.55063867642e-05
7.3563219789e-06
0.000352819978356
0.000108826351227
0.000516568490267
0.000211809067062
3.53104786328e-05
0.00113798803883
4.59770123681e-06
8.05176506418e-05
4.45292251533e-05
4.81350195945e-05
3.57212155709e-05
0.000106724561122
3.63559132934e-05
6.88049973007e-05
0.000302232815622
0.00048778648571
0.000149383338806
3.55112542412e-05
0.0
4.93412167185e-06
6.45868489766e-05
0.0
2.82426745462e-05
0.000165336470657
4.77683245383e-05
2.58116560663e-06
0.0
5.02226685842e-05
0.000312245152586
8.52099578667e-05
0.0
0.0
2.75862074209e-05
6.60652894136e-05
5.47902851307e-05
9.57238464362e-05
0.0
0.000483750223062
0.000687520512878
5.47721883646e-05
1.63367669921e-05
0.000265526859888
6.60655679058e-05
1.06812449465e-05
0.000106368639839
7.2353181475e-05
5.87860022899e-05
2.55191558011e-08
1.3821660861e-06
6.22463918601e-05
0.0
3.91881282001e-05
2.14695770769e-05
0.000167528154359
7.14136451848e-06
3.67816098945e-05
0.000195608445771
0.000130309273191
0.0
0.000137974191594
5.02880271059e-05
0.0
0.0
9.26735588821e-05
0.0
0.0
0.0
0.0
0.0
6.84168567025e-05
0.0
0.0
5.37876903147e-05
2.95924770515e-05
0.0
0.000386862504386
0.000921696990371
8.19500380809e-05
0.0
0.000393887912503
0.000279264258998
9.70015576837e-05
1.56943480322e-05
0.0
7.21208037147e-07
2.20689659367e-05
7.47863377262e-05
3.389775868e-05
0.00132734407107
7.10475635309e-05
0.000101331435909
0.000380313286579
0.000271943498057
0.0
9.41056684879e-05
0.00017823081627
0.000664148682867
0.0
2.03083077708e-05
3.67816098945e-05
5.1229683379e-05
5.29655182481e-05
9.57669825794e-05
4.41379318734e-05
6.56332858364e-05
0.000280190695604
4.59770123681e-06
0.000179712902396
0.00032092760425
0.0
0.0
0.000353253157784
3.03414228405e-05
6.53701921889e-05
0.0
7.32705827107e-05
0.000275665063358
9.17537625301e-05
0.0
9.28923311111e-06
4.51917869884e-05
7.54843021084e-05
0.000244500909575
4.15626371933e-05
0.000242231992952
0.0
4.16681029111e-05
0.000115628153035
0.000104991277949
9.81327536711e-07
1.3136289248e-06
8.47964322522e-05
4.58222605817e-05
0.000167504965953
0.000108643799104
8.45159744988e-05
0.0
3.73030170279e-05
0.000112635879878
0.000285350781681
2.93267466194e-05
4.70219444674e-07
0.000128133636909
0.0
5.08374393899e-05
2.5260615951e-05
7.77637874082e-05
0.000108830559721
0.0
9.39835937944e-05
0.000229670378365
0.000136225947578
0.00020489938154
2.5201556289e-05
8.30099218307e-06
0.0
0.000112247154952
0.000325643122374
9.19540247362e-06
0.000150554213947
0.000118309247121
8.69338320344e-05
1.15757567808e-06
0.0
0.0
0.0
0.0
0.000396261251178
0.000209823259231
0.0
2.4787606668e-05
9.49202835987e-07
1.97504991763e-05
0.0
7.66032288396e-05
0.000107266408524
0.0
0.00012350342883
0.0
7.66283539469e-07
1.41467730363e-06
0.0
0.000107038747557
0.000178626042588
7.11433770328e-06
0.000436532667398
0.000175558149979
2.49949179823e-05
0.00086288174339
0.000129287263125
0.000745555835602
0.00011769044031
7.64293192613e-06
0.0
0.000414751499558
0.000142926046216
8.62205210918e-05
0.000114694848331
8.33730780612e-05
0.0
0.0
0.000108515515666
0.0
0.000253863742899
6.59148315488e-05
0.0
5.17569796373e-05
3.06393507697e-05
0.0
4.84332300431e-05
0.000463299862556
3.52350083185e-05
0.000173118910053
0.0
0.0
0.0
8.02507852244e-06
6.83396375288e-05
9.07067695171e-05
0.0
0.0
0.00248343026802
0.0
0.0
0.0
0.0
6.99216930055e-05
4.22988513787e-05
0.0
3.27969354893e-05
4.59770123681e-06
6.13026831575e-07
0.0
8.37203796153e-06
2.83457314424e-05
0.000208396087832
4.97395005779e-05
4.52116918997e-06
8.07753001605e-06
0.000117460572344
5.59628968088e-05
0.00014080166307
0.0
0.000182518856851
0.000739974517054
7.44545059724e-05
9.5787285944e-05
8.36818042535e-05
0.0
0.00196635678792
9.32557486381e-05
0.0
8.26642284891e-05
0.000105314608424
4.1610914541e-05
0.0
3.91234668298e-05
0.000106576612237
0.0
4.69836725465e-05
2.02839760448e-07
0.0
0.000150535546608
0.000559433763253
0.000531167774045
6.9418789082e-05
6.07566038276e-05
0.0
0.0
5.04449978961e-05
0.000223602611003
0.0
6.16529842041e-05
0.000281090474923
0.0
0.000438041604915
0.0
0.000321992933675
0.0
0.0
0.0
5.50478144177e-05
0.0
3.4891265832e-05
2.75862074209e-05
1.06403942909e-05
5.44526930729e-05
2.25057709879e-05
0.0
8.45706769034e-05
0.0
0.0
0.000292220628001
7.28324935209e-05
0.000124545357168
5.79007210702e-05
0.00141716652422
0.0
0.0
0.0
0.000154292948182
8.33832147616e-05
0.0
6.61021209082e-05
9.01940830408e-05
5.51342637038e-05
0.000407065493645
0.000187923503033
9.45466789104e-05
0.00013691273686
0.0
0.0
0.0
0.000151207108253
0.0
6.6995075165e-06
1.19420811346e-07
0.0
0.0
6.81200858875e-05
6.40319531284e-05
2.9513890453e-05
0.00159284828442
0.0
2.79509113794e-05
0.00017079389275
5.87232548739e-05
0.000131386391224
2.67658471694e-05
0.00137557004041
7.53580100689e-05
3.16947915048e-05
0.000403588397652
4.45927514444e-05
6.77600203127e-05
0.000386849425291
8.04599636449e-05
6.01925920961e-05
6.86706714216e-07
0.0
0.0
8.71700561497e-05
0.000165709415402
3.89143366751e-05
2.45547560559e-05
0.000248142693674
0.0
5.10441292557e-05
1.79131217019e-08
0.000111673242556
8.0089755675e-05
2.92089255045e-05
0.000164322236868
2.10910421816e-05
0.00109811958529
0.0
0.0
2.03222593481e-05
0.000211688369717
4.20799132245e-05
0.0
0.0
0.0
9.85221693603e-07
7.3563219789e-06
3.2549257466e-06
5.96125129564e-05
3.73581241562e-05
2.75862074209e-06
3.95921648034e-05
0.0
0.0
0.0
6.23241094045e-05
0.000114811195024
4.59770123681e-06
2.83365128563e-05
2.82485800655e-05
4.81452914368e-05
1.11658458608e-06
6.08841112018e-05
2.44606765308e-06
4.1797283971e-07
5.0669513807e-05
4.00868038334e-05
3.70352761696e-05
2.45331884178e-05
0.0
1.35892647393e-07
4.97925071531e-05
1.61322850414e-07
5.02477280501e-05
3.67816098945e-05
0.0
3.0525959928e-05
8.69665144297e-05
0.0
2.87684734532e-05
0.0
0.00146849938276
2.88483214859e-06
0.000142737533892
9.47476943172e-05
0.000146547808434
0.000197146186416
0.0
3.81670094192e-05
0.0
0.000397950056827
0.0
5.03072923423e-05
2.47243085246e-05
8.54581551815e-05
0.0
0.0
1.92784120414e-05
0.0
8.5078673031e-05
0.000853645269376
4.25808922828e-05
7.16898225345e-05
2.90444704356e-05
0.000238186763831
0.000106459529879
0.0003608777871
7.54846793248e-05
0.000104637265559
5.31718022201e-05
6.68760377264e-05
2.29697302835e-05
6.51119564189e-05
0.0
2.78160924827e-05
4.1052423159e-05
3.39459384744e-05
2.28103007098e-07
0.000312382672841
0.000171765090977
9.06152653683e-05
0.0
0.000161277708042
0.000462419269663
1.88476647594e-05
4.01761200365e-05
9.74027258784e-05
0.000135036593729
2.00626963061e-06
0.00127022953279
9.8084293052e-06
3.26312076207e-05
9.04834706211e-05
4.49101708453e-05
6.47479163344e-05
9.52952744747e-05
7.29627037091e-06
0.00148246653731
8.98684984731e-05
0.0
0.0
0.000120098333026
0.00132000061526
0.0102466880401
1.3068895762e-05
0.044898956533
0.0275913502413
0.00168609948377
3.34164016783e-05
0.000103658965296
0.0
2.75862074209e-05
0.000133573174874
0.00194906628261
4.81400438857e-05
0.0
7.33327352008e-05
0.0
0.000255240976613
5.08053675131e-05
9.69859429492e-05
0.0
6.57526604855e-05
5.55044948016e-05
8.92453252124e-05
5.19856055303e-05
7.39734068601e-05
3.0630369912e-05
0.00016299753708
3.91992846167e-05
2.38583415532e-05
4.39893191759e-05
3.84030562554e-05
0.000118482654349
0.0
5.39985336749e-05
8.60384032972e-05
0.00025946608805
0.0
0.0
0.0
9.29173526144e-05
5.81002636116e-05
0.000206932222951
8.49787397044e-05
0.000266341868494
1.63166540133e-05
2.22003288292e-05
5.97701160786e-06
3.53669325909e-07
0.000116079917728
0.0
3.38459884475e-05
2.11912229733e-05
4.51410666887e-06
0.0
2.7259098242e-06
2.84119667423e-05
3.47248631386e-05
4.27760811273e-05
0.0
2.90223721481e-05
4.66835928749e-05
0.000366217773357
5.17241389141e-05
6.79867852324e-05
4.64614412821e-05
0.0
0.0
3.77314646555e-05
0.0
0.000281983388826
4.51379770304e-07
1.9443440172e-05
0.000148140163477
0.00107160707529
0.0
0.0
2.46263379801e-05
0.000454459643124
1.3136289248e-06
0.000267745345294
0.000321602216388
0.0
0.0
4.35505417338e-05
2.28173758651e-05
0.000186146814382
0.0
0.0
1.62271808358e-06
9.26838185834e-06
3.1074118704e-06
0.000129992008535
6.56814462402e-06
0.000260659851455
4.42345721498e-05
3.69268004599e-05
5.57438210134e-05
2.81235793985e-05
0.00025896414668
7.184198063e-05
0.000111293089888
5.70218576225e-05
0.000171945186299
5.09631127784e-05
0.0
0.0
4.17249539193e-05
9.16475113205e-05
4.98231248314e-05
0.0
0.0
1.90007040909e-06
8.29685005164e-05
0.0
3.53152334203e-05
3.12952773262e-05
0.000368962424778
0.00156601225696
4.68750443478e-05
9.24713885876e-05
0.0
3.17387734374e-05
0.0
4.03666528842e-05
0.000159344706793
6.94275033035e-05
0.0
0.000792562848487
0.0
0.00142293048183
0.000147357726216
4.47155330318e-05
7.54311324527e-05
0.0
5.01489253716e-05
3.03145136493e-05
0.0
0.000197341566435
7.3511718275e-05
1.51370417582e-07
0.000864527690777
9.80073666879e-05
7.32552673268e-05
0.0
1.02783777681e-05
5.25614551178e-07
0.000302517019494
3.68780947982e-05
3.74935242222e-05
7.6464751428e-05
0.0012610015562
8.79557030298e-05
0.000147506745647
0.0
9.47911612302e-05
0.000967834009007
0.000208138046568
0.0
0.0
0.000241005637171
6.83369870807e-05
0.0
0.000173434403194
0.000114647675147
0.000116906413639
0.0
0.00115162385086
0.0
7.70242124646e-05
8.14453666081e-05
0.000102402118634
8.01310781819e-05
0.000192710816603
0.0
5.81504310566e-05
0.0
0.000206138571801
0.000330167463336
0.0
0.000140418329323
0.000106562609717
2.48122018355e-05
0.0
0.0
0.000105518971844
2.75862074209e-05
6.13026831575e-07
4.917327526e-06
7.66916655561e-05
6.75417142982e-05
2.91544014202e-05
0.00126988626892
8.2070280576e-05
0.000192190696371
7.40327433847e-05
2.75862074209e-06
9.17014902961e-05
0.0
4.8908492885e-05
0.000147745889548
6.3582810509e-05
0.000489424412742
3.16146694569e-05
8.85368246146e-05
4.15552831861e-06
0.000539536475731
0.000157067769129
3.53669325909e-07
0.000299052313539
0.00011946133585
0.00160416452955
0.0
0.000104717743328
0.000630983442434
0.000103827619211
0.000126177842426
0.0
0.0
0.0
0.000844681882799
7.61688135934e-05
0.00025769332264
4.09258707235e-05
0.0
3.27690706333e-05
7.13346952967e-05
0.000117407404832
0.0
3.35035158263e-05
3.82146596306e-07
0.000174560802853
0.0
1.81718667931e-06
6.45291401658e-07
0.000135335753769
0.000217247010276
4.53974395642e-05
3.76221561328e-05
0.000241936546423
0.000935987672228
0.000818321996446
1.39881676491e-05
0.000259507058021
0.00052519288968
4.59475935338e-05
0.000268675242928
6.41688863565e-05
0.0
3.54707908711e-05
0.000106661253388
0.000135035958066
0.000204669874318
0.000286201392002
1.62271808358e-06
0.0
0.0
0.000224936659362
6.87881772893e-05
0.000102394431905
5.6617406659e-05
0.000245028559225
0.0
6.65442879121e-05
6.12341164798e-05
0.000109462659499
0.0
0.000252902226294
0.0
0.00034787757993
2.63653178593e-05
0.000143013078442
1.83908049472e-05
4.31401328816e-05
0.0
0.00270644365675
0.0
6.66531510843e-05
0.0
4.59770123681e-06
4.70816427651e-05
0.000161851513494
2.84649862054e-05
4.7708562193e-05
0.000261882928008
0.000108192440593
0.0
0.00024746134665
4.1873553631e-05
3.53135485417e-05
2.94252879156e-05
0.0
0.0
3.92337172208e-05
9.07232606545e-05
0.000380811971659
0.000125975328803
9.2324871882e-05
0.000135546901614
0.0
4.11475936523e-05
0.000149239130628
0.00355424765179
0.000297783505301
0.000197268758532
0.000404763425699
6.81743989454e-05
1.45190565373e-06
3.1351943672e-05
0.0
9.19540247362e-07
0.000293302338144
0.000378883754064
0.0
0.000542080999343
6.33530923499e-05
3.7547893434e-05
0.000143733548068
0.00032371590717
4.13793111313e-05
0.000203400391779
1.53256707894e-05
3.3570973276e-05
0.00151855972994
3.18612629569e-05
6.33787205203e-05
0.0
0.000169522668369
0.00016994743913
0.0
8.02831583907e-05
8.14196923185e-05
3.06513415787e-06
3.88912236084e-05
0.000159609340062
6.60162751565e-05
0.000425935005099
4.4255947734e-05
0.000304975720837
5.85161975594e-06
0.0
0.0
0.0
0.000154440672419
0.0
0.0001762687899
0.000105401895798
6.93120789469e-05
7.63218405311e-05
7.23249734242e-05
0.000120106473698
0.0
7.66283539469e-07
1.65517244525e-05
0.000119750273637
0.0
0.000572433259636
0.00051865699352
0.0
0.0
0.000163532162746
0.0
0.0
2.48275866788e-05
2.86472153986e-05
0.0
0.0
3.10745537655e-05
0.000979921558514
0.00260796900546
4.90677211198e-05
5.04571171704e-05
5.51724148417e-06
0.000168939817828
0.000491369881959
2.02839760448e-05
2.6178192891e-05
0.000273179129868
8.32474144207e-05
0.000470835808718
0.000161968839305
0.0
6.93626263695e-05
0.000295004377352
0.000184157384362
0.0
0.0
0.00012072761271
3.47147903516e-05
5.56173536711e-08
4.89583788844e-05
0.0
0.00272757238704
5.27031254712e-05
0.0
8.50544938753e-05
4.12111025495e-05
0.00022177317272
6.60901844066e-05
0.0
