0.0252586533338
0.0334590945695
0.0107625408903
0.00678119448032
0.00524898097513
0.02453999163
0.0210136727344
0.0215325793779
0.0185537474603
0.0100342088436
0.0190172509393
0.000278196960009
0.0257332273312
0.0200555926882
0.0246805676983
0.0220160274571
0.0149214927645
0.0248848942425
0.0245650417956
0.0225707841454
0.0256279047749
0.024806623058
0.0208049297844
0.0253867019954
0.0217993973268
0.0111205643546
0.0183840438473
0.0257542161417
0.0186964395784
0.0247464965327
0.0028167437692
0.0344406153196
0.0349181234829
0.0249307845489
0.0166178469517
0.00848409208105
0.0302964064307
0.00125520927525
0.0199549345765
0.00282528495808
0.0559260478129
0.000779164932335
0.0988161884123
0.059573309921
0.0153301898161
