0.0243268912492
0.0246172589161
0.000730023613195
0.0032910738774
0.00696875067489
0.0191825853719
0.0327214243978
0.0303253363835
0.0157753317793
0.00704537765167
0.0476207296676
0.0214125240933
0.0087481007494
0.0185433019894
0.0150364698604
0.00785105461883
0.0208661576992
0.0221759278294
0.0144648855498
0.0284848137132
0.0139291517035
0.0228669174219
0.0123297503158
0.0170163716241
0.00590262824565
0.0194567965723
0.0150340966273
0.0221422078912
0.0118718956969
0.032985725233
0.00469628918617
0.0294578894063
0.0185814671598
0.0155325079618
0.00370008916251
0.00428080021614
0.0295053801815
0.0268919697502
0.00130779711259
0.152511818357
0.151672084718
0.0104152049425
0.00772314082872
