0.0244720554592
0.0304664239066
0.00333920516287
0.0017477005696
0.00795958241382
0.0221302588925
0.02250609783
0.014691982266
0.0155641001773
0.0137401494076
0.0227689298562
0.000973884768392
0.0415639824893
0.0269264917684
0.0227477582143
0.0291840728671
0.0105551434586
0.0220507436573
0.0223554959236
0.0210158386767
0.0289640334743
0.0339390114142
0.0246830056883
0.00901427341759
0.0232563946715
0.00388450926838
0.0256702243054
0.0244796725057
0.00547420033504
0.0267520475274
0.0223690163039
0.0402243335895
0.0325026071159
0.0293931830854
0.00615803709857
0.00269798496002
0.028624025424
0.000327734488387
0.0221146992847
0.036733977116
0.126087737641
0.0569106912525
0.0129787022667
