0.00554921358008
0.000174229995354
5.32677195854e-05
0.000104136683637
0.000437840442069
0.00016616931263
0.000148453806823
3.74618121356e-05
6.03276043743e-05
8.7673121438e-07
0.000353919953589
0.000180621128146
0.000183804634494
0.000251233715229
0.000423589980076
0.0
0.000375034849534
4.64430589239e-05
0.000652324477357
9.79462479078e-05
0.000427410738625
8.67827976377e-05
0.000311047167224
9.25438504068e-07
6.24670990246e-05
0.0001035119545
0.00122981888273
0.000371250280172
1.04111831708e-05
0.00025640881807
0.000267076482736
0.000416375710001
0.00191915135672
8.19893110416e-05
7.68512646205e-05
0.000265197752295
9.86923584396e-05
0.000213320645001
0.000171773097776
0.000323902595397
5.89489469134e-05
0.000264597073138
5.30414522702e-05
0.00271700245593
0.000114799767411
0.000311350563728
0.000371844019807
4.17840127255e-07
0.000457073697352
7.01913919446e-05
0.000651261877283
0.00115759084303
0.00604169084204
0.000149844419436
0.00010404022538
7.99881678046e-05
1.17001868014e-05
0.00129963692595
0.000103444706792
0.000281577571541
0.00049825959935
0.0
0.000164944750638
0.000118450090966
0.000407327119417
0.000444085136051
0.000277754714562
0.000266390602244
0.00010452584367
2.26771317467e-05
8.77720198156e-05
0.000149539549248
0.00557313182381
0.00281465341815
0.000175630026224
0.000136508596647
0.00026244465161
8.16315693697e-05
0.000760884795586
0.000156304335565
0.000903205759266
0.000654445739077
0.00241576570349
0.0011857453874
0.000113427872219
0.00017160823022
6.55799287124e-05
0.00102952709648
0.000341807630561
1.38611634764e-05
0.000173538492876
0.000830213712318
0.000725924610691
7.75453643064e-06
5.58979308369e-05
0.000758452979976
0.0
0.000165045647818
0.000584877405356
0.000535008504552
3.60239114531e-05
0.000270449987626
0.000464889278895
0.000359045695088
0.0
0.000108247141998
0.0
5.55263102441e-06
0.000504026609346
0.000397321236486
0.000119835781431
1.72618318372e-05
0.000140892376705
0.000784678787376
0.000319855975663
0.000295427041162
0.000214351248148
0.00052374643714
0.000585401449663
0.00134747406172
2.52991274918e-05
0.000584509924193
0.000385400403063
0.000289042625949
5.70602147893e-05
3.68801868652e-05
0.000179329554149
0.00128203428876
0.00014520623081
0.000197966072565
0.00253545380711
0.000144257513572
0.00042177790238
0.000340446930199
3.50926466947e-05
3.3970711857e-05
0.000179113185696
0.000422757139259
0.000629812710573
4.58092059514e-05
0.00143253553672
0.000125426140006
7.22743434313e-05
9.25438504068e-07
1.52492206705e-05
0.001881470198
0.0
0.000478408064666
0.000475020934406
6.41344600057e-05
0.000213158982374
0.000153503568715
0.000601051198202
0.000894851871597
0.000129098671317
0.000286010207497
1.14408606272e-05
4.91242496745e-05
0.000192350826614
4.24667797059e-05
4.6049878978e-05
1.88141167961e-05
0.000208680550914
0.00055460228305
5.67577405116e-05
5.12309424803e-05
0.000522901248042
0.0
4.40492973409e-05
0.000176012114714
0.0
0.000147793593307
4.90897910158e-05
3.70231830804e-05
0.0
0.000245522127935
0.0
0.000249950875263
2.05205929163e-05
0.000742767194289
0.00010595630314
0.0
0.0
0.000128662431904
4.16447326831e-05
6.94078878051e-05
7.19382384925e-05
1.3881577561e-05
0.000158923535485
0.0
7.95695335427e-05
0.000410367835919
0.0
5.55263102441e-05
5.11094446565e-05
7.10917375694e-05
3.1040109825e-05
0.000231085244282
8.04769709305e-05
2.49868396098e-05
0.000107028504491
5.55263102441e-05
7.45794559161e-05
0.0
0.0026866146005
0.000360961352514
4.28345821883e-05
4.95770627179e-05
0.000144109654496
7.94194498036e-05
0.000491700029419
0.000331835834484
0.000204021854666
0.000108686639657
0.0
0.000326002781329
2.86271553844e-05
0.0
8.20080889759e-06
7.77409464191e-05
0.000109310395257
1.8257292227e-05
8.22981717434e-05
0.000739229413422
6.31931478784e-05
0.000234640613735
0.000272796843665
0.000228636030658
0.000125540279157
0.000157662970469
0.000107019857834
9.52721344242e-05
0.000144274969304
5.12550556099e-05
0.00479869866555
0.00061981402105
1.43392119861e-05
0.000422048536611
7.43655940769e-07
0.00122433515843
0.000603003435667
1.30883445575e-05
7.55075634216e-06
0.000197273657427
0.000321924107248
0.000144854755377
0.00191398373185
6.2018617288e-05
0.000524927204251
0.00045763451717
0.0
0.0
0.000230263813251
6.12100525658e-05
4.37743514821e-05
0.000878058583343
0.000521390771453
0.0
0.00023757173078
0.0
6.21297997777e-05
0.0
9.1221795401e-06
0.00123698098286
7.93233003487e-06
4.62719252034e-06
0.000335941114991
0.000159527173158
5.55263102441e-05
0.0
0.0
0.000251658063061
0.000526611536917
0.000247741763873
0.0
0.000227376074727
2.53834561116e-05
0.000133086127276
0.000102391389328
0.000146377151152
0.000172565873787
0.000180413155125
3.67617093297e-05
0.000143686009877
1.66578930732e-05
1.11052620488e-05
0.00010193492249
6.26188044448e-05
0.000189943756626
0.000233883022779
5.18571287862e-05
0.000200468768203
0.000134088263252
0.0
0.000464705320482
7.67598783209e-05
9.39954265813e-05
2.87300466386e-05
6.32161104141e-05
5.83026257563e-05
0.000323648324945
2.08223663415e-05
0.0
0.0
0.0022686934174
0.000698669007486
0.00129665615118
0.000120989624203
9.94470017362e-05
9.51522936334e-05
0.000136829383074
0.00017627941624
5.52952153316e-05
0.00138480080587
0.000177364416228
0.000193723233799
0.000530877967715
0.000620513695819
0.000103003108305
8.7496004021e-05
5.36268516966e-05
0.000101048670183
0.000870213943514
0.000178578618422
0.0043741124611
0.000827467412532
0.0
0.000321121300989
0.000272539475506
0.00214896709439
0.000326141783183
0.000252884498099
0.000389382943175
8.32894653661e-05
0.000202483796039
0.000232384483414
0.00028019593993
0.000158477267476
0.000531071319596
8.82250728857e-05
0.00130115960645
8.61086841057e-05
0.000603487572157
0.000159994048068
4.16447326831e-06
6.58155600436e-05
9.65674960766e-06
0.0
2.31678742743e-05
0.0
0.000635455468498
0.000847920614404
0.000140856533751
0.00070853113605
0.0
0.0
6.94078878051e-06
0.000298992961036
0.000221584827944
0.000158493106267
9.66662582885e-05
6.62887959954e-05
5.81727396504e-05
0.000218483029533
0.0
0.000484791986609
5.133564532e-05
2.13562731708e-05
0.000336574154552
0.000629279232446
0.000702849033266
0.000340662914828
0.000137130155478
0.000450408730039
0.000191269828019
4.16447326831e-05
0.0
6.9944490509e-05
7.3359850893e-05
0.000814905471377
5.55263102441e-05
0.000148354290277
6.03943592346e-05
8.13063828574e-05
0.000348874482965
0.00020890878687
9.16184119027e-05
1.33372019704e-05
0.000173022804722
7.74774340876e-05
0.00217011309005
0.000473207488988
0.00200993478546
0.000234608710886
5.30777030616e-05
0.000205823396506
0.000252908985143
0.000130486829074
0.000347460651592
2.7763155122e-05
4.58300805041e-05
0.000183478716287
0.00340294518464
0.0008001108874
7.77816136242e-05
0.000431222431922
3.94105229795e-05
0.00123557480523
0.00097136828515
6.9327504636e-05
0.000118135362258
6.88635122145e-05
4.18582954148e-05
0.0
0.000124303562615
0.000487373878007
0.000128034845426
0.000305396247048
0.0
0.0
0.000503818128451
0.000226332834307
9.21717335258e-05
7.56012070246e-05
0.000108428118363
0.000626906944315
5.7112776251e-05
4.6404130704e-05
4.60516183854e-05
6.11742069968e-05
0.000164757261916
0.000101147961502
0.000305086521642
0.000149534704988
0.000266259868465
5.49568096262e-05
3.47039439025e-07
0.000275753464886
0.000322965085025
9.77353928577e-05
4.08730183669e-05
0.000182778632859
0.000167312919499
0.000194354567229
0.000154114597882
0.000130523719919
6.88570315527e-05
4.17237549462e-05
0.000647852170508
5.1297678424e-05
9.8883358401e-05
4.41469162014e-05
0.00015242644079
0.000279616933443
0.000105276302292
0.0
0.00019766915385
0.000113126956931
7.42880640721e-05
0.00175855559651
0.000174295569593
0.00117751565058
0.0004035578858
0.000127511812621
0.000307820770064
9.76173650406e-05
6.94078878051e-06
0.000154200130268
0.000126298333355
1.98308250872e-06
0.00249964827927
0.000468282763898
0.000104138122574
0.00045943788325
0.000203262206185
0.000200732228092
0.0
6.7788370423e-05
0.000118225104685
3.08829717819e-05
0.00066737128735
7.85824936644e-05
0.000207454605995
0.000532663003842
0.000100313548633
1.96119564491e-05
0.0
0.00010770553608
0.000274195863398
0.000475605403233
2.12540900456e-07
0.0
4.16447326831e-06
4.53464866993e-05
0.000160540224783
0.000275972129826
0.000304604441627
6.28707885304e-05
5.50809379213e-05
0.000158991018177
8.25674647442e-05
6.87456705191e-05
0.000121426687141
0.0
5.22872754798e-05
0.0
5.96979297557e-05
1.71332540492e-05
5.77868654828e-05
0.000269434919512
0.000377860018626
0.00197819971064
0.000290478815159
0.000108220792815
5.60140845708e-06
0.000629673560339
9.0194660358e-05
0.000512387169393
0.00034542956561
0.000112346131125
0.00163623283551
7.93233003487e-07
0.000238539347542
0.000552022403294
0.00123325637357
0.0
0.0
0.000103911107594
0.000241118298486
0.00276278074328
0.000731465408756
8.85780315806e-05
0.0
0.000492527037728
0.000184982182759
0.00171614924614
0.00123519267599
7.57754513382e-05
0.000433678724181
0.000168479918187
0.000607263119301
0.000133259301225
0.0
0.000369456820925
8.07060964981e-05
4.7969877007e-05
0.000135758706093
3.96404407357e-06
0.000323149336867
4.66898279847e-05
0.000312144121529
0.000127279207741
9.68176905744e-05
0.000212423571225
0.00013514490298
3.58234259639e-07
0.000137370432024
0.0
7.87131211152e-05
0.000138748125304
0.00049210923505
1.827968426e-05
2.39603027818e-05
0.0
0.000115798693449
0.000144282185656
0.000525957704602
7.33844814806e-05
0.000182186677906
0.000130316517282
0.00013116266031
0.00344122460026
0.00153279678212
0.000603450353751
0.000594335131009
0.000698964243737
6.38550502403e-05
0.000209898273965
0.000918814271095
0.000397008943006
0.00127331831368
0.00228101267039
0.000116679484548
0.00103631903139
0.000854416036509
0.000263977553823
0.000353408996414
0.000489588199544
0.0
1.47676357032e-07
0.00251571583783
0.00133541213199
0.000911070932958
6.830245619e-05
0.00114554963277
0.0
0.00042279285404
5.82058846737e-05
0.000149186253619
0.00189109876366
0.000106268803018
0.00024567724979
0.000503602923925
0.00015422713613
0.000332540267658
0.000153997841804
4.54398626123e-05
0.00642718644343
0.00229373854489
0.000436219381118
0.00164631667803
0.00125278089331
0.000184117603138
0.00107348998223
0.000721379133953
0.000912146924349
0.00696327776228
0.00149531422098
0.00148013571784
0.00144601479337
0.0
5.18474744481e-05
0.000666377166461
0.000451009411302
0.000177140578555
0.00694888148069
0.0026229058952
0.00620092782402
0.00332832894687
0.0024077653394
0.00165939076824
0.0112350964971
0.00111769978802
0.00227330811807
0.0136519473024
9.50181928091e-05
0.00136803532027
0.00137293066211
7.69886074661e-05
0.000498653520494
0.0049096753767
0.002596013101
0.00067057778124
2.27153087362e-05
0.000414313531474
0.0
0.00154226899033
0.000783375743286
0.000122456206369
9.2393394638e-05
0.000400390396596
4.20230565998e-05
0.000127094238169
0.000312848552221
0.000269655195606
0.000151466229297
0.000208231885537
7.09853398007e-05
0.000223528686943
0.0
4.47680876343e-05
4.21385437425e-05
3.70268691799e-05
0.000122278623985
5.07443067212e-05
4.16447326831e-05
5.55263102441e-05
9.99696283499e-05
0.000171815191535
7.54064880634e-05
0.000179682580995
0.000163218437612
0.00037624707527
2.92886032057e-06
3.79298411995e-05
0.0
0.000271357052552
3.31126810588e-05
5.3365876379e-05
0.000175813568426
7.94106270517e-05
0.000400661481578
5.55263102441e-06
3.71827970384e-05
0.00404853583431
0.00243921822699
0.000471719441874
0.000728305095819
0.00179292448826
0.000277356292438
4.79358129247e-05
0.000581283313864
8.91006278941e-05
0.000454673178102
0.000243237976043
0.0
0.00464529844481
0.000730938553785
0.00144760108623
0.00485405201046
0.000753245825386
0.00167651745232
0.00124683474961
0.0
5.40777978029e-05
0.0017524242892
0.000235906787842
0.0
0.00496433323896
0.000227841267365
0.000165948134888
0.0
0.00015663087002
9.80418879084e-05
0.00101858602295
0.000476767478072
6.73326620687e-05
0.000437368177362
0.000232049463007
0.000125468235631
4.19509439528e-05
0.00254297587021
0.000104666220992
0.000627502910776
0.000550467609256
0.000126408335606
0.000285650593579
0.000286595909893
0.000186912025625
2.27920496441e-05
8.30071722708e-05
0.000840561674152
0.00179923763207
0.000909249213538
7.71361516341e-05
0.000236545582859
7.83058395756e-05
1.98308250872e-06
0.000185945916509
1.04111831708e-05
0.000160353986369
0.000562395268548
0.000650842420739
0.0
0.000152993609653
6.24670990246e-05
8.7673121438e-07
8.26751934671e-05
4.08547596593e-05
6.47720420704e-05
0.00107178297394
9.75676594289e-05
0.00011972699756
0.000211960410757
0.0
7.11031545111e-05
3.970023499e-05
0.0
4.18582954148e-05
0.00106678310108
0.000530903025176
6.26173807384e-05
8.42636111599e-05
7.01931193688e-05
9.25438504068e-07
0.000225065542682
0.00024912003064
3.4438481426e-05
0.0
0.0
5.6361292353e-06
0.000174666478952
0.000176071991118
0.000114478502249
0.000419352407089
0.000256445490806
5.55263102441e-05
5.01124949953e-05
2.14426070411e-05
5.9743530464e-05
1.15679813008e-06
0.000388845023414
4.80716361404e-05
1.48731188154e-06
0.000236019050254
0.0
0.00165704620078
0.000547673286333
0.000733617024544
0.000209550794995
2.99950950436e-05
8.71349210134e-05
0.000207819392016
0.0
0.00016367546715
0.00118266419805
8.99211501928e-07
0.000361064248319
0.000876802144455
0.000573794345337
1.67179864826e-05
0.000105535336916
4.72648045701e-05
0.000107243226503
0.00048475321885
0.00655114180565
0.000188202274407
9.49730214987e-05
3.71827970384e-05
0.000112393412887
0.000480526567674
0.0
7.66563671368e-06
0.000287966156605
7.98682516408e-05
0.00179743592265
6.61124712833e-05
4.01177591513e-05
4.07603850778e-05
0.000128362199608
0.000277933076027
4.24378937445e-05
6.71868353953e-05
0.000715394289218
7.63154670699e-05
4.78346543137e-05
0.00138106235258
1.13674846434e-05
5.4414582171e-05
0.000157474614659
0.000451468247642
0.000529658143896
2.90187990134e-05
8.95361752686e-05
7.68171815951e-05
0.000517568767358
0.000345907442162
0.00130066012369
0.000141671868006
4.53464866993e-05
0.000177596842518
0.000113554355345
0.000606508114432
4.16447326831e-05
8.09568064078e-05
1.79800976328e-05
0.0031047160555
6.0389978451e-05
0.000299140383848
0.00010712623624
0.000219197838467
0.00022975658969
0.00114162019365
0.0011121248479
0.0
0.000154756995002
0.00106129449547
0.000193585267861
0.000144463566231
0.000284103129403
0.000497778120426
0.00102337533559
0.000315030189764
0.000257401586052
8.00708018897e-05
0.000131561868539
0.000426513091922
0.000121346168117
0.00018364130604
0.000433924875662
0.000126676019349
0.000257014408659
0.00665391510989
0.000477428438305
0.000176938098753
0.000498433884482
0.000202059333834
0.00010407471519
1.3881577561e-05
6.94390726548e-05
9.91156818427e-05
0.0
5.3390682927e-07
9.25580837826e-05
0.0
0.00018034004937
0.0
0.000212245909497
0.0
1.3881577561e-06
0.000211018778651
0.000225942674866
0.000175310515276
0.000165650671137
0.00126134568612
0.00029406366315
4.81074634518e-05
0.000216080510457
7.05646859352e-05
0.000163520300202
4.75939802092e-05
0.000356541894368
0.00015150554535
0.00211478958337
8.23153195724e-05
9.45598890152e-05
4.27577600731e-05
5.45370253004e-05
9.9924380882e-05
4.70291021613e-05
0.000120282651884
0.000356930456967
0.000116300705728
0.000132974782852
6.93618085331e-05
0.00159493157216
0.000219613946702
0.000253645963264
0.000355902423258
0.00211283608009
5.47957008988e-05
0.000527191168865
0.000544139654565
0.000209659429484
0.000150256965176
0.000888508497275
7.26064750823e-05
0.000379061522478
0.000322300872254
0.0
0.0021419269634
0.000290987256788
0.000939431579093
3.74881077524e-05
0.000362453165484
0.0
0.000811790537474
1.33476707317e-05
4.89938031565e-06
0.0
9.33010273647e-06
0.000223199413139
4.00116059112e-06
0.00166535898051
0.000429669280171
0.000506269642923
0.000698040444012
0.000820159424998
0.000173980221998
0.000101351928434
0.0
0.000269584052852
9.36588588264e-05
8.37278309733e-05
0.000105524008416
8.8148710898e-05
0.00260222846309
0.000358783263902
0.000605270291672
0.000520328475709
0.000120747458927
0.00021378235763
6.44875969595e-05
0.0
0.000105178790799
9.71710429271e-06
0.00151090878133
1.3881577561e-05
0.000278998661184
0.000137520537789
0.0
0.000236713466188
0.000998801229829
0.000901754097718
0.000465772226227
3.40729631043e-06
0.000776059168909
0.0
8.02475728612e-05
0.000140001674007
0.0
1.52889264382e-05
1.4322262563e-05
4.70340510303e-05
0.000245454660243
3.9030366705e-05
0.00617682459647
0.0005935365275
4.15063780894e-05
0.0
0.000369771911519
0.0
0.000165461108485
0.000150480023601
0.000100220783452
0.0
0.00065642390494
4.99274500992e-05
0.0
0.000227736413344
0.0
5.95348257527e-05
0.00013909769237
0.000455740622121
7.57176957874e-07
0.000319820005057
0.00018368076873
0.000207114860422
0.0
0.000321659775569
5.86496651953e-05
0.000131162436084
0.0
2.57422517743e-05
0.0
0.000193299024855
0.000187330647702
0.0
0.000274162300464
0.000139551385383
0.000422301082909
0.0
0.000151324844571
0.000282487067477
0.000169230607463
6.09968826819e-05
4.16447326831e-05
4.16447326831e-05
7.57176957874e-07
6.34586402789e-06
0.000116032741163
0.000162421576265
1.48731188154e-06
0.000557105247635
0.000425546588714
0.000350625002139
0.000575526073049
0.000487101704773
3.90566419513e-05
0.000457831559225
1.02782791722e-05
5.94017535984e-05
9.76126788216e-05
0.00364841605702
0.00114358708674
0.00025682638167
2.61614346342e-05
0.00117672635755
0.000557756994906
0.0
0.000950162224867
0.000379101642805
0.000119509378782
0.000171914554465
0.00101580035016
0.000100219257186
0.000324001120129
0.000481848060194
6.50959131388e-05
7.4226206681e-05
0.000248717005301
0.00148644018802
0.000588655975482
0.000353028857907
0.000264471105199
3.14350562833e-05
0.0
0.0012525775835
0.0
6.79209483845e-05
0.000239636945629
0.000104111831708
0.0
0.000242002427341
7.87432487149e-05
0.0
0.000171305277378
0.000272411626614
0.00025684367327
0.0
4.81772397706e-06
0.000170676913551
0.000252547528957
0.0053793343224
8.30260644185e-05
0.000110687892263
7.63264464383e-05
0.00167851135574
0.000463278685594
3.92650336726e-05
0.000314374463268
0.0
0.000167634140497
9.20205139937e-05
0.000398632758648
4.30328904392e-05
7.28782821953e-05
1.91445971223e-05
0.0
0.000415973730705
5.47933007472e-05
7.10418151829e-05
0.000619400850355
4.27125463416e-06
0.000136788624601
0.0
0.000186553326967
8.51108071028e-05
7.56044586193e-05
4.39733194181e-05
0.000130375416265
0.000222869393409
0.00037164497934
2.47812470418e-05
0.0
7.57035313094e-05
6.33410632098e-05
0.000446627254586
0.000497406536111
1.5468043568e-05
8.44757343182e-05
0.000412578295021
5.32365654917e-05
0.00157388606107
0.000105600338217
0.000213067016682
0.000535847057887
0.000153133221237
9.29027873891e-05
0.000200138136438
2.16477669936e-05
3.15836187547e-05
0.000146955290247
0.000126754083349
7.29645740044e-05
0.000277486265296
0.000163935514477
0.000335271234517
0.000358117370288
0.000293492991231
0.000659761787623
0.000169479412221
0.000127468208309
0.00014890510555
0.000448147389442
5.51409856188e-05
0.000108045018646
1.3881577561e-05
0.00308649297225
0.000179561425412
0.000663371566209
0.000987782617575
0.00063623931515
0.000193798049177
0.000136263991475
0.00015204438728
0.000350957998107
6.81945277132e-05
0.000192193176176
0.00119812141184
0.000220562727779
0.000380938479305
0.000373848348819
4.16447326831e-05
5.8975382168e-05
1.11052620488e-05
0.000448407089527
0.000770931641679
0.000499219421815
0.000296343542816
4.37269693172e-05
0.000204732787964
0.000298749114818
0.000507994060462
0.000164629658509
3.14769278202e-05
0.000482051064877
6.01287584194e-06
0.000145894085309
5.55263102441e-05
2.86148738295e-05
0.000469613095236
0.0
0.000172277298916
8.09867222821e-05
3.96616501743e-06
0.000392535825151
0.000201733322763
0.00201653796894
1.64277706645e-05
0.0
0.000198885587527
0.000220783844986
5.47531467932e-05
4.74101090335e-05
0.0
1.48731188154e-06
0.000176464419678
7.22387339514e-05
4.41832169713e-05
0.0
0.000157514454466
3.63462226925e-05
0.000224771511303
0.00138168447159
8.47813819284e-05
0.000166558165116
0.0
0.000304529666373
0.000256992180358
5.02492716237e-05
0.000771530412193
0.000289688941032
4.16447326831e-05
5.85550180756e-05
0.00123400015091
8.81526844004e-05
4.85855214636e-05
7.16053491782e-05
7.11362265133e-05
6.28286998668e-05
0.0
6.83642642979e-05
4.44210481953e-05
9.64621964134e-05
7.58530674998e-05
2.03434205094e-05
0.0
0.00532658903739
0.000110203495728
0.000337683826409
7.85763568043e-06
0.0
0.000209358753308
0.000104961015015
7.05646859352e-05
0.000656303988487
0.0
0.00012938384186
0.0
0.000110725995134
0.000295785892427
0.000176940572081
5.75328217838e-05
0.000104752121833
0.0
0.000156862987011
0.0
5.65556629569e-05
0.000774334720216
7.21743055793e-05
5.10960195331e-05
0.000253123092446
2.59603528414e-05
4.52977794096e-05
0.000139140229058
0.000285325897804
0.00202992921566
0.000505919207645
0.000211784259905
0.000157746249379
0.000351515722066
2.71702507513e-05
4.28775720888e-05
0.000163798548177
4.21023671081e-05
3.41700370733e-05
9.12843945815e-05
0.00120333071336
3.33662948853e-05
0.00014266235792
0.00016673008877
0.00110564847429
0.0
0.00025267318503
0.000175950046168
0.000168209618419
4.57634425089e-07
5.38055596491e-05
0.0
0.000286041325104
0.000422366325474
0.000274224670747
0.001607693501
5.51023998668e-05
0.000147413373
9.59811934219e-05
9.11985106748e-05
6.6984994699e-05
0.000402040878837
6.06217728586e-05
0.0
0.00239511916572
0.0
0.0011321114167
0.0010633760617
0.000576474124409
1.27075505226e-05
0.000301723058193
0.0
0.0
0.0
0.00126180810241
0.0
3.90864115403e-05
0.000185567752633
0.00032896260837
0.000298769041592
0.0
0.000141059604888
7.25424375769e-06
0.00041941189001
0.0
0.00120226185284
0.000645093664604
0.000319902075448
0.000105243112843
1.3881577561e-05
0.000105526920107
0.000102952265705
0.000243599662548
0.0
0.000107219657896
7.40223851699e-05
0.000126439403599
0.00447561273921
0.00219034649521
0.000950692147564
0.00072077347574
0.00270520684967
0.000185205771127
0.000143002642003
0.00268474653374
0.000614292494555
0.00216199406433
0.00195597124872
0.000243049409574
0.000244028999204
4.82255471684e-05
5.03702957214e-05
0.00356300960279
0.000834450589374
0.00268678967754
0.00385530033781
0.000176192790545
0.000175400661644
0.00457462582289
0.00162961791577
0.000529279819001
0.000399033230084
0.00109116763013
8.25035771127e-05
0.000305953736771
0.000800295507072
0.000113422446233
0.000672545498524
0.000242176168499
0.0
0.00154416470254
0.000425682083972
5.11380842019e-05
0.00047929279289
0.00425272540436
0.0
0.000249189153632
0.0016824290706
0.00113556382986
0.000239092040377
5.37102951097e-05
0.00111634928275
0.000341132180765
0.000266550735829
0.00120501525638
0.000212695792485
0.000184853725967
0.00226197601355
0.00113092246497
0.000993235604423
0.000438699780761
0.000294367214672
0.000169694917292
0.000112255809774
0.00243959072956
7.7492208901e-05
8.89510766005e-05
0.000573790335676
0.0
0.000182519287544
5.47957008988e-06
4.64133910952e-05
0.000271905714493
4.52229032966e-05
0.000333235849521
0.000859423453496
8.24412032769e-05
6.58993572127e-05
0.000130654327654
4.89938031565e-06
9.38823426302e-05
0.0
0.000110505602298
0.000199595116295
0.0
4.63207510985e-05
0.000160985349446
1.3881577561e-05
0.0
0.000131950204964
0.000623806102191
7.26874437644e-05
0.00013897652548
0.0
2.78058114183e-05
0.000939979822972
1.93415304188e-06
6.48111114956e-05
7.51067461256e-05
6.41785263951e-05
3.73884859184e-05
0.000165826694839
7.81832594225e-05
1.89294239468e-05
5.83026257563e-05
0.000104906044162
5.92519105419e-05
0.000156705733494
6.35828635218e-05
0.00663855004306
0.0015602298853
0.000206682616567
0.000136210359713
0.0
1.21768224219e-05
3.12335495123e-05
0.000669987755417
0.000102811395639
0.0019109775349
0.000941420979164
0.000633189990733
0.000512152622804
0.00111287174993
0.000150680659835
0.00042504452242
9.90081577582e-05
0.00163922198383
0.000558401039906
9.68524493438e-05
0.00104639721031
0.000126127695058
4.16447326831e-05
0.00054348467038
0.00114832854954
0.000603930823066
0.000354661046703
7.18585363706e-05
0.00149864522953
0.000509646869198
0.000164105013974
0.000279330409921
0.00280327179761
3.74802594147e-05
6.46303638716e-05
0.000381319128204
0.000336700071671
0.000148526395452
0.000369752688379
0.00155166414928
0.000507228394472
0.000197025803851
0.000624587985557
0.00032728043472
0.00039448615949
0.000946920389187
0.000112671223405
0.00619808124462
0.00278838466778
0.00116270500434
5.6629935835e-05
0.000141967940563
9.49213395869e-05
0.000191395893523
0.0
0.000668933343835
0.000316944532334
0.000367836788697
0.00196209511904
0.000772717461419
0.00153446546976
2.72187795314e-07
4.16447326831e-06
0.000631712634987
0.00574355006101
0.00185166798933
0.00101170386142
8.16104827643e-05
7.15309526085e-05
0.000118494213295
0.00180804512578
0.000152296427905
0.000556403151119
0.0
5.55263102441e-05
0.000449061768326
0.000205605669775
0.00028156609838
7.22290153704e-05
7.63160140502e-05
0.0
0.000567851699429
0.000234328011408
0.0
0.000181366858805
3.44897997841e-05
0.000147319382096
8.21486867396e-05
0.0081140543367
0.00176676514488
3.48310348577e-05
6.28359665108e-05
0.0013539305377
9.18530610546e-05
0.00210987702738
0.000730311076598
0.000101707741843
0.000283885867105
7.85850539719e-06
3.21735306214e-05
0.000135441240839
0.000493328491493
6.85527057299e-05
0.000419968621032
0.00033431041808
0.000184688034013
0.002208805798
0.000154226995902
0.000719357588332
0.000679045480171
0.000356749958393
0.000609110092617
0.000106060861284
2.81414621644e-05
8.19886675823e-05
2.37969901046e-05
0.000265791436089
0.000101090920769
0.000881099361677
0.000878288149897
0.00181435103554
0.000510481654588
0.000761805572621
6.15066649468e-05
0.000360894525562
0.000194746817167
1.33858069338e-05
7.06846829202e-05
0.000629454366156
9.98034533369e-05
2.52392319291e-06
0.0002493819022
1.27271844167e-05
0.000883368937759
0.000468600376283
8.12402801071e-05
9.28686010588e-05
0.0
4.2159061569e-05
6.90074576831e-05
0.000256174277352
0.00182862133036
0.000203178021971
0.000183892806404
0.000303128370797
8.74908267426e-05
8.0502430489e-05
4.44210481953e-05
0.00145715645344
6.34586402789e-06
0.000279307619084
0.00100882230636
0.000595919883197
0.000193955233852
8.9822538987e-05
2.54495588619e-05
0.000106635754901
0.000160614322439
0.000249330091624
6.22543108192e-05
0.000224249537158
0.000179696207817
2.86838720011e-06
0.000539480199546
6.66315722929e-05
0.000608089484898
0.000186797662235
0.000339109489133
9.15878047414e-05
0.0029528919663
0.000477292691991
0.000749198330357
0.00199737960792
0.000673186750918
0.00029528383961
0.000450714149762
0.000144390092517
1.04111831708e-05
0.000136190837003
2.8244105285e-05
0.000184426673311
0.000103850344199
4.16447326831e-06
0.000449556286734
0.0011289782907
0.000612191789332
0.000239830640774
7.53245542454e-05
0.0014589985813
6.33344004016e-05
0.00152581630218
0.000431746500001
0.00123748451798
0.000536377366813
0.00022171058357
2.730043587e-05
3.1901587913e-05
0.000270781389174
0.000464862666281
0.000104764384499
2.39952983555e-05
9.12096460813e-05
0.0
0.000244076365924
0.00023815975441
0.000154841386248
0.0
0.000371237431109
4.81131272624e-05
0.000117256761776
0.000158657968828
0.000300587092628
0.0
5.74126570207e-05
0.00217407286747
0.000227626807624
0.00137681212864
0.000348279296659
0.000146473980935
7.08346271141e-05
9.46460206935e-05
0.000169069125889
0.000147631375704
0.000159428667618
7.63199936795e-05
0.000286788156079
0.000303019112573
0.00023951234698
0.00259875138835
0.000150608422189
0.000734417268154
0.000768758794937
0.000393949039667
0.000209690816677
5.17074599273e-05
0.000181057723696
0.000167214006733
7.86622728458e-06
8.44509758677e-05
0.000983867934817
0.000171786452713
0.00490521025606
0.000132434591956
2.35562134648e-05
9.86971360205e-05
0.00112766286504
0.000272127865486
0.000221893831435
0.000439134467638
0.000787399269952
8.15537828011e-05
0.000174619555801
0.000917962121618
0.000166631038756
0.000535633174967
0.000460890886971
4.18733144062e-05
0.000313495243113
0.0
0.000327674401719
0.000172108986046
0.000709470160792
0.000616151535437
0.000100917767101
4.97158889908e-05
0.00137958984129
5.88074103949e-05
0.000721626459617
0.000141973836343
7.36869932302e-05
0.000361325093573
0.00132431510822
0.000186728750435
2.47966969928e-05
0.000424751905524
0.000758911263902
0.0
0.000204316962057
4.95770627179e-05
0.00132383479594
0.000829461405377
0.000318002372454
0.00032507723541
0.000639885964659
0.000222834913643
7.24407801307e-05
0.000840253602244
0.000573506365892
4.7458384824e-05
0.000575050203848
0.000225649909404
0.000190281588233
0.00615790308624
0.000328841454978
0.000399235079143
0.00101752333687
0.000231921252563
0.000440417481967
0.00014792269353
0.00108531596561
0.00164154348492
0.000144561117475
0.000568355350625
8.83255966422e-05
0.000147523985835
0.000103880136291
4.92617008006e-05
0.000102605250231
2.72583704835e-05
0.000169700107128
0.000203636451467
8.59141722499e-05
0.000391947216398
7.00073195634e-05
0.000167028164553
5.61107977203e-05
0.00484870904046
0.00011777940124
0.0
4.70763049952e-05
3.47039439025e-05
0.00011853217055
0.00199260814157
0.000464716878844
0.000547896055304
0.0003572722128
0.000456702198454
5.35780186566e-05
0.0
4.52666019084e-05
0.00117635139486
0.00040757100059
0.000537031582869
0.00103135366612
3.95672112939e-05
0.000113187309566
0.000524620951834
5.55263102441e-05
0.000525342516384
0.00044029460387
0.0020133222355
0.000471962273315
8.87635993745e-05
0.00020673179497
0.000214951059176
9.61477316001e-05
0.000318680881822
0.00110485690854
0.000273745302995
0.000303119811042
0.000153862418465
2.25003592335e-06
0.00117064164746
0.000698125405558
0.000204858078496
0.000759561467441
0.000445327787314
5.55263102441e-05
0.000215520135298
0.00286776232686
0.000113750883822
0.000998493535519
0.0
0.000805578847602
0.000423645523964
0.00069241347408
0.000250190291349
0.000471883867305
0.00302350641158
0.000121107987587
0.000805320505507
7.28782821953e-05
9.7294290514e-05
4.16447326831e-05
0.0
0.000578918592777
0.0
0.0
0.000108923640568
6.73203257576e-05
0.000263931215447
0.0
0.0
0.000463377661104
0.000112425237589
0.000158664019561
8.92387128923e-06
6.9376481521e-05
0.00104100564856
4.7458384824e-07
2.42002731359e-05
0.000129075525421
0.00016340115784
0.000154112943492
6.53948585755e-05
7.06113310211e-05
5.43192165431e-06
0.0
0.000116063338915
6.34586402789e-05
1.69740776826e-05
0.000100282616562
8.84651254786e-05
0.000483125174522
7.20541872256e-05
0.000299462198946
0.000102164856654
9.98150419491e-05
0.000718330752161
6.66315722929e-05
0.000100533038052
5.89961189782e-05
0.0
1.14408606272e-05
0.000178203240617
6.87849965043e-05
1.48731188154e-06
0.000245422993593
0.00133412931686
0.0
0.0
5.78954222401e-05
0.0
0.000212985910693
9.92619016591e-05
0.0
2.81363594282e-05
0.000191085803
0.0
0.0
0.000136587997427
0.000893396765964
0.000209087027522
4.52347958454e-05
6.95863923592e-05
0.0
0.0
6.81459262086e-06
9.25263110373e-05
0.000164992035571
0.00635465972357
0.00134006855819
0.0
0.000203680601668
0.000250708648824
0.000361961056545
0.00115602907506
0.000613019481565
0.00381037034951
0.00152052352085
0.000719069257912
0.000317835659503
0.000228504283497
0.000372834609613
2.7763155122e-06
0.000319914107027
0.000613219126475
0.00159928552359
0.000927898505598
0.0
0.000125772975531
7.25312427563e-05
0.00128576343304
3.78373183651e-06
0.00104099009638
0.000106035540489
3.23716140694e-05
0.000365929026764
0.000251471893552
0.000550567294729
3.22410833675e-06
5.35432277354e-05
0.00051488741154
9.42395296534e-06
0.00028940449155
0.000252143776919
8.76204745881e-05
0.00149337870596
0.000261685928586
0.000980516223264
0.000376063686017
2.89199532521e-05
0.00012956139057
2.52726367949e-06
1.06781365854e-06
0.000191055423595
7.36354591532e-05
4.96558815776e-06
0.000875548854977
0.000194753177352
0.000175187203589
0.000245419226232
0.00100677403393
0.00017400591991
7.55554435821e-05
0.000273176985647
0.000167976140083
0.000391310382671
0.000222071779008
4.39189016041e-05
1.88728823975e-05
0.000152365731363
1.67108980649e-05
0.000112151839036
0.00038494337855
6.94078878051e-06
0.00129196849613
0.000150408087254
1.83435132056e-06
0.000106885542796
0.000241107817162
0.000431806019511
0.000135756027768
0.000729214662312
0.000181287484284
0.0
0.000106667046326
0.0
0.000255841966675
0.000134849267508
0.000297470894374
0.0
0.000120357092687
0.000683711509361
8.32894653661e-06
0.000175602147164
0.000274474624481
0.000162037032083
0.00399842824461
0.000208281231492
0.0
0.000211260397779
5.78485286021e-05
0.0014989879295
0.000475530956574
5.69144680002e-05
5.22536591239e-05
6.00845259815e-05
1.3881577561e-05
9.74492896239e-05
1.45125583592e-05
0.000225837893973
0.000147135576437
0.00207278363488
7.49605188295e-05
0.000264104826757
0.00103737124336
0.000306315476176
6.72265786203e-05
4.62719252034e-06
0.000129349251611
5.7399672331e-05
0.000243922361694
0.000871044132783
0.00143271544312
0.000300350129217
0.000730300398655
0.000360977974085
0.000354722677161
0.000235070780895
0.000197798288261
9.71710429271e-05
8.03356789093e-05
0.000145667469379
0.000228859735796
0.000626385951071
0.00013158097097
0.0
9.97491878209e-05
0.000114142577818
2.5346794082e-05
5.58522255433e-05
0.000168033253249
0.000385436836165
0.000152804388386
0.000210247574095
0.000114687553246
0.000118268931344
5.80610860749e-05
0.000256213513293
0.000211187333005
5.04361049076e-06
0.000352255844857
6.49348900268e-05
0.000237033667633
2.56822355256e-06
0.0
0.000455928884588
0.000191700126526
5.94924752615e-06
6.93451887195e-05
0.00156358347399
0.000395303432662
0.000648095408311
2.05910067155e-05
0.000148375404762
0.000164388215331
0.000121808032213
3.23903476424e-05
3.4276964415e-05
5.66831083742e-05
0.000114177042985
0.0101574151879
0.0010602069054
0.00346992765715
0.00200443197202
0.0155744036662
0.0055877272793
0.00605140759382
0.0296963015146
0.0176350445834
0.000551208171013
0.000186045592478
0.000504218215264
0.0028105531181
0.00095236378599
0.000401222944572
0.000547516281454
