-8.022346921
-8.91293618757
-8.60910690588
-7.77294336462
-9.43588062422
-9.7965705064
-9.58552015784
-9.47029159876
-9.18151318967
-9.68708319776
-10.4761703424
-10.4761703424
-9.68134719317
-9.15370739351
-7.47457952597
-8.59303436118
-9.04131047508
-7.97519148276
-10.4761703424
-9.27982874946
-10.4761703424
-9.24858318984
-10.0850025387
-8.76508854866
-9.05965223788
-10.4761703424
-10.4761703424
-10.4761703424
-8.04719849534
-8.21802268727
-8.30188210638
-9.48449919999
-9.42230706776
-9.14763538985
-9.64005517095
-8.31986227081
-10.4761703424
-9.3449225079
-9.5262386948
-8.98154101857
-9.49740821459
-7.27313182599
-8.65979329919
-9.44660365264
-9.27595713349
-9.38000571037
-8.04584037771
-9.74123857861
-10.4761703424
-10.4761703424
-8.19453483752
-8.43661052111
-9.60473045524
-9.69721625992
-9.03412898858
-9.69362144247
-8.33147371379
-8.96808751162
-10.4761703424
-10.4761703424
-9.6820055174
-8.04204688655
-10.4761703424
-9.57965303628
-9.36037284029
-9.45054495085
-9.30654718251
-10.4761703424
-10.4761703424
-9.47215187853
-8.57146697839
-9.4689030486
-9.21604804776
-9.76270283424
-8.82324137898
-10.4761703424
-10.4761703424
-9.86288352818
-9.83635347765
-9.37049457141
-9.71870685924
-8.39639115936
-8.39639115936
-9.12298414645
-9.0615194114
-8.86671967059
-8.20827617279
-9.30983626732
-10.4761703424
-10.4761703424
-10.4761703424
-10.4761703424
-10.1389168013
-10.4761703424
-10.4761703424
-8.97259295826
-9.93480062375
-9.18764893482
-8.53779663859
-8.28629056344
-8.66918061705
-7.77962557755
-9.10104135924
-10.4761703424
-9.41166797592
-8.01107603937
-10.4761703424
-10.4761703424
-8.34540345319
-10.4761703424
-10.4761703424
-10.4761703424
-10.4761703424
-9.38433285242
-10.4761703424
-7.9008786652
-9.32820239462
-10.4761703424
-8.24519945743
-9.10323590133
-9.20510277378
-9.16705902101
-10.4761703424
-9.32372373977
-8.95450165451
-9.57955431504
-10.4761703424
-10.4761703424
-9.72936007553
-8.92750184069
-10.4761703424
-9.23751865041
-8.8419991796
-10.4761703424
-9.60955130384
-10.4761703424
-8.6117535042
-10.4761703424
-10.0737346358
-10.1854316104
-7.31012505754
-7.60235254917
-8.56708942686
-10.4761703424
-10.4761703424
-10.4761703424
-9.25105332747
-9.75842264312
-10.4761703424
-9.0324699364
-10.4761703424
-9.14862251567
-10.4761703424
-9.1706989425
-8.76455032098
-10.4761703424
-9.35555149686
-9.68728146266
-10.4761703424
-9.45030761046
-7.64372463972
-8.42548353029
-9.66768711883
-9.46991069636
-9.31088446057
-9.38390589976
-8.02806565058
-9.93815637504
-10.4761703424
-9.44068170093
-9.5838367574
-10.4761703424
-8.73082028245
-8.85381748358
-8.84854109448
-9.27644811068
-9.27644811068
-9.02870835288
-9.47955918406
-8.49143501164
-10.0804556146
-10.4761703424
-10.4761703424
-8.56048179767
-9.43987889285
-8.46049588964
-9.39262035149
-9.69504974764
-10.1373846431
-8.99821633537
-9.56122669789
-10.4761703424
-9.58678402817
-10.4761703424
-10.4761703424
-10.1708497613
-9.75007457204
-8.04180378584
-8.96237398845
-8.94034998974
-9.34775708921
-9.72165175678
-8.85378626008
-9.47985042888
-8.41560236519
-9.81022637443
-10.4761703424
-9.62384743139
-9.62759405966
-9.62759405966
-8.33470190291
-8.90919425072
-9.47473836227
-8.28531053233
-10.4761703424
-9.38142498587
-10.4761703424
-10.4761703424
-9.33592657384
-9.00634656811
-9.9846167234
-9.91658157557
-9.87520397326
-9.5262386948
-10.4761703424
-10.4761703424
-8.6971427796
-10.1023228075
-8.88884097665
-10.4761703424
-9.4418403448
-9.8471306378
-10.4761703424
-10.4761703424
-9.95086697919
-10.4761703424
-10.4761703424
-8.89207990299
-8.89207990299
-8.9930322309
-9.60473045524
-9.38931254304
-8.97245752618
-10.4761703424
-9.60146779643
-9.27665086538
-8.93224259409
-9.39796491417
-9.65639132049
-9.43097716128
-9.36751720458
-7.94248452357
-9.0942297382
-9.66430770763
-9.25795776674
-9.7027951918
-9.12431926175
-10.4761703424
-10.064206342
-10.064206342
-8.85627358478
-9.60825540308
-9.26106061554
-8.47439617625
-10.4761703424
-10.4761703424
-10.4761703424
-9.29611420395
-10.4761703424
-9.03412353095
-9.22355418647
-9.50805682151
-5.33921183177
-8.73941893962
-8.06078847459
-8.56949970671
-8.22620257902
-7.9462233099
-8.7580750708
-7.75395524858
-7.44240702555
-9.56950092101
-5.50267902062
-6.81528359006
-8.63612001288
-9.59317575999
-10.0554134902
-9.19287347423
-7.63966189379
-9.21812358862
-9.64613397201
-10.4761703424
-9.28599906813
-9.36065613453
-9.80205992551
-10.0554228284
-9.82348880219
-9.36415762296
-8.37352248239
-9.18294605951
-9.50602621333
-9.48680719024
-9.67895029437
-10.4761703424
-10.4761703424
-10.0467185115
-7.87070516387
-9.23387803992
-8.38405660123
-8.90351004005
-10.4761703424
-9.83628854215
-9.66174148644
-10.4761703424
-9.64710245698
-9.11180684853
-10.4761703424
-10.4761703424
-9.35066960597
-8.88466442199
-9.32330338792
-9.87736083196
-8.87816143847
-9.81022637443
-9.7965705064
-5.21325390856
-5.75498610163
-8.69488461434
-7.17676114348
-8.29821756267
-8.04548176669
-7.7590311763
-7.77525827622
-7.02262137866
-6.76719974472
-6.2499443009
-6.48335229384
-8.85820230059
-9.24901117844
-9.05449988611
-9.04382191805
-9.14633734132
-9.50441895955
-9.09777153295
-9.27967732075
-9.34034430084
-8.0892778052
-8.13558542586
-10.4761703424
-9.15711182199
-8.93132125756
-10.1781119886
-9.5551967433
-10.4761703424
-9.57634490694
-9.0167544772
-9.52244384856
-8.22688440424
-9.06137606653
-9.93741256985
-8.9472059482
-9.20625177086
-8.44702643461
-8.90602731411
-10.4761703424
-9.41182784977
-7.12951064424
-9.45378164823
-7.26660501577
-8.82982221167
-9.35248451799
-9.52873331476
-9.25711660822
-9.56200438755
-9.2896438535
-10.4761703424
-9.87994997413
-9.91128207447
-9.36444273985
-9.10365113775
-10.0118438567
-9.15594952931
-8.13200881335
-8.45865146238
-9.66798814257
-9.23921567689
-9.23921567689
-8.15194414106
-9.38686123174
-9.58049258175
-8.4129211559
-9.27337679059
-9.1080888146
-8.85644328411
-9.35936104516
-9.45386396155
-10.4761703424
-10.4761703424
-10.4761703424
-10.4761703424
-10.4761703424
-9.18516520518
-9.47641908221
-9.35702071459
-9.62175067202
-9.8983772424
-9.67941482041
-9.11992152952
-9.68209923816
-10.4761703424
-10.1889497843
-9.88784097056
-7.3511321573
-8.79619785222
-8.66561094483
-9.57174750125
-9.39739636196
-7.96925934066
-9.81202465901
-10.1194026837
-9.07566662976
-9.61077020339
-9.11549025754
-10.4761703424
-9.36259204583
-9.6831274363
-9.1763482882
-10.4761703424
-10.4761703424
-8.91347413163
-8.53617374874
-9.22031018459
-9.88186647784
-9.5113991262
-9.7965705064
-8.48107517576
-8.89207990299
-9.2371538804
-8.52670346624
-9.53076170645
-9.32537780348
-10.4761703424
-9.18459471012
-9.20007616148
-9.42139237178
-7.81648752435
-9.29948664854
-9.81352307315
-8.541574566
-9.82767575362
-8.79538913015
-10.4761703424
-9.76479164131
-9.23506910316
-9.23506910316
-9.23506910316
-9.23506910316
-7.7879235302
-9.60473045524
-9.60808792539
-9.3949847932
-9.40950811037
-9.19692714529
-8.56507788833
-9.57965303628
-9.63363813247
-9.59103271951
-10.4761703424
-9.58232912472
-8.63214266604
-10.4761703424
-9.98648168993
-9.58280336836
-9.5138208005
-9.98944951823
-9.10935343467
-9.07280094907
-9.36870857521
-10.1772237644
-9.98261249521
-8.91369871564
-8.36995296153
-9.39106617394
-9.45335120627
-8.77053636126
-9.04958867517
-9.50354113077
-9.31843772472
-8.80317435889
-10.4761703424
-8.97085334724
-9.64171817461
-9.04864994067
-9.56414850256
-9.56414850256
-10.4761703424
-9.76592978457
-6.73550484433
-7.94804635118
-8.27760009071
-8.981544296
-8.23885025112
-8.67060289975
-8.04657968894
-8.25717340129
-9.24926834099
-9.7965705064
-9.7965705064
-9.7965705064
-9.7965705064
-10.4761703424
-9.74753917173
-9.32251301335
-9.65091912676
-9.63771716404
-9.41180867414
-10.1403151701
-9.3871290038
-10.4761703424
-7.08241696488
-10.4761703424
-9.28970166664
-9.47484717459
-9.36739222516
-8.70561757957
-9.46394858952
-9.0946680378
-8.46508004893
-8.31270802373
-9.19375646987
-6.62399496685
-9.34193373324
-9.06416534714
-10.0048501168
-9.36841255562
-9.38908269719
-9.07083515559
-9.01093980332
-8.75736284433
-9.76722153531
-9.81561527194
-7.21253593028
-9.22280403641
-8.00533133455
-8.83938455318
-9.58073902876
-9.56414850256
-9.63442477312
-9.95336834576
-9.79553108506
-9.67178323365
-10.4761703424
-10.4761703424
-10.2111732447
-9.52272359095
-9.80445452113
-7.81370027113
-8.97969504458
-10.1732614447
-10.4761703424
-9.80358867468
-9.57632604007
-10.4761703424
-9.83931621437
-10.4761703424
-8.84863992635
-9.80756233608
-9.918852104
-8.03264272821
-9.77125999917
-7.99940310549
-10.4761703424
-10.4761703424
-7.28064454397
-10.4761703424
-9.31856248539
-8.85381748358
-9.39555787841
-9.41508306719
-10.4761703424
-10.4761703424
-10.4761703424
-10.4761703424
-9.25920442925
-8.36770761814
-10.4761703424
-9.26645717814
-9.61966905223
-10.4761703424
-9.67640719702
-10.4761703424
-10.4761703424
-9.0353148076
-9.01093053745
-9.59192817789
-9.44386852855
-9.31622791041
-8.72959886779
-8.7032273882
-8.8761755455
-10.4761703424
-10.4761703424
-9.14091110046
-8.6562450035
-9.81905194829
-8.79021621998
-9.22280403641
-9.27694751112
-8.88110873547
-9.91017146334
-10.4761703424
-9.05585967115
-10.4761703424
-10.4761703424
-10.4761703424
-10.4761703424
-10.4761703424
-8.74771864185
-8.8750134996
-9.23346469156
-9.11719246395
-7.71048872231
-10.4761703424
-9.61237203424
-9.37557183033
-10.4761703424
-10.0340481772
-8.44585942317
-9.11819027214
-9.44923285285
-7.9136375826
-7.39045067399
-9.0229437427
-10.4761703424
-9.13490138666
-9.2371538804
-9.2371538804
-9.36110266176
-10.4761703424
-10.4761703424
-9.7444501606
-9.79879069771
-10.4761703424
-10.0296797004
-9.13129548338
-9.17154184907
-8.82803802662
-10.0563664868
-10.4761703424
-9.46870399886
-9.19541526974
-9.64134357528
-10.4761703424
-10.0790410985
-10.4761703424
-9.36216087964
-8.90944462206
-9.93153706607
-10.4761703424
-10.4761703424
-9.02482899835
-9.60641257868
-9.93027585989
-9.35549651582
-10.4761703424
-10.4761703424
-6.69553754517
-9.27858023605
-9.55525383314
-9.8200742175
-9.3934521965
-9.70470556604
-9.5838367574
-9.44681378004
-10.4761703424
-10.4761703424
-9.77158867965
-8.90642792453
-10.4761703424
-10.4761703424
-7.71533874421
-9.84645258104
-9.30572637742
-9.2418774724
-9.21508169958
-9.44386852855
-9.16161537417
-9.91129948625
-7.61383715506
-9.03975962593
-9.22449155653
-9.81117183936
-9.61826095269
-9.66798814257
-9.88623656705
-10.4761703424
-8.84272728516
-9.25636908905
-9.30203094952
-8.74394488324
-9.47447630816
-9.61942444588
-10.0047058977
-9.36260242053
-10.4761703424
-7.89155809561
-9.26041238043
-9.55163869249
-8.29468842534
-9.70697022425
-9.43802047655
-9.64468222944
-10.4761703424
-10.4761703424
-8.70021406623
-8.96260199261
-10.4761703424
-9.88670519535
-9.57648474483
-9.10414048019
-7.62579322967
-9.49159044896
-9.35029880553
-8.16716114757
-9.23339876264
-9.60702867963
-10.4761703424
-10.4761703424
-10.4761703424
-9.44023652714
-9.44023652714
-8.52605878732
-8.33634977157
-9.1954182309
-9.41054586744
-9.40688333848
-10.4761703424
-10.4761703424
-10.4761703424
-10.4761703424
-10.4761703424
-10.4761703424
-10.4761703424
-10.4761703424
-10.4761703424
-10.4761703424
-10.4761703424
-10.4761703424
-10.4761703424
-10.4761703424
-10.4761703424
-10.4761703424
-10.4761703424
-10.4761703424
-10.4761703424
-10.4761703424
-10.4761703424
-10.4761703424
-10.4761703424
-10.4761703424
-10.4761703424
-10.4761703424
-10.4761703424
-10.4761703424
-10.4761703424
-10.4761703424
-10.4761703424
-10.4761703424
-10.4761703424
-9.01377481129
-9.28978046956
-9.7194950215
-10.4761703424
-10.4761703424
-9.29949979209
-8.42218778356
-8.58309905026
-9.35359840808
-9.93993414755
-8.76422533294
-9.72836075817
-9.75704052349
-9.33804262339
-9.77981234351
-9.29364715136
-9.84035986963
-10.0446010661
-8.99713947242
-9.42937602211
-9.51601417398
-9.87992109717
-10.4761703424
-10.4761703424
-9.74784724494
-9.74784724494
-10.4761703424
-9.01433995876
-9.42552102229
-9.62736738453
-10.4761703424
-9.49550194288
-9.49550194288
-9.31551874223
-9.582592323
-10.4761703424
-9.26719728319
-10.4761703424
-8.85627226858
-9.44771855549
-10.4761703424
-10.4761703424
-9.04653530016
-7.77809518316
-9.56978747774
-9.47158419576
-10.4761703424
-10.4761703424
-10.4761703424
-10.4761703424
-10.4761703424
-9.33809062236
-8.68280427223
-9.71193017919
-8.21632248418
-10.4761703424
-9.86704375271
-9.26745711549
-9.75543657672
-10.4761703424
-9.63771716404
-9.63771716404
-7.89229987855
-9.241367676
-9.1043296636
-10.4761703424
-9.51334603918
-9.59374238633
-9.51345571892
-8.78180158189
-9.98942348164
-9.95165947226
-10.4761703424
-10.4761703424
-9.90963295444
-10.4761703424
-10.4761703424
-8.34348954118
-9.42491939393
-9.61696693124
-9.23551443989
-10.0192446621
-9.65751442304
-9.53102444513
-8.81665307528
-9.77684689231
-9.55105597203
-9.30437968454
-10.4761703424
-10.0233257962
-9.1452999346
-7.74192256883
-8.92911274156
-9.0633569332
-9.04950453641
-9.85010891326
-9.28802042573
-10.4761703424
-10.4761703424
-10.4761703424
-10.4761703424
-10.4761703424
-10.4761703424
-8.35583061042
-9.67564906651
-9.90387004667
-7.66539137666
-9.3206319573
-9.90214548231
-9.75222021028
-8.81374092306
-8.09141852132
-9.5874850158
-9.40024092388
-10.4761703424
-10.4761703424
-9.16693810956
-9.31875215851
-10.4761703424
-9.14795895011
-10.4761703424
-10.4761703424
-10.4761703424
-9.9773766081
-9.91915760575
-10.4761703424
-9.66337780165
-9.10936217164
-9.40783721163
-10.0321390663
-8.70787246143
-9.17231960396
-9.36308116271
-8.83152846884
-10.4761703424
-10.1047668978
-10.4761703424
-9.72443753756
-10.4761703424
-9.25384852185
-8.80659148867
-9.14774176638
-10.4761703424
-9.03885365027
-7.56808991287
-8.11045570023
-8.68345982486
-9.01169461172
-9.64691643979
-9.88510448799
-10.4761703424
-9.27078629687
-10.4761703424
-10.4761703424
-10.4761703424
-9.63739642873
-8.14490986419
-10.4761703424
-7.86679696788
-7.58103196432
-8.68733772367
-10.0464247757
-9.81898451428
-9.59992469008
-9.64211425072
-9.64211425072
-9.38767239902
-7.51515034427
-10.4761703424
-10.4761703424
-8.98217525162
-10.4761703424
-10.4761703424
-9.45315905175
-9.76901989191
-8.23934154153
-8.74540601101
-9.47280713944
-9.00094620148
-10.4761703424
-9.37374027175
-9.48381349162
-9.48381349162
-10.4761703424
-8.61352259785
-9.72698982815
-9.94205206698
-8.59558108941
-9.66725908337
-8.83723078328
-8.95059082523
-5.63876511154
-7.61416418852
-7.38586433078
-7.1454215805
-7.68454764176
-6.80612342444
-8.3249686829
-9.11784983992
-9.25150894319
-8.4882027979
-8.78571279485
-8.47711372942
-8.70360198203
-8.12388557815
-8.23980933604
-9.45041501345
-6.68950527232
-7.03547072248
-9.61054690895
-8.06622367126
-9.64214790515
-9.43487313546
-9.03168897534
-9.3666529086
-9.06369542356
-9.49798718514
-8.23825402606
-9.74515780232
-10.4761703424
-9.74411476529
-9.96596569857
-9.0020525419
-10.4761703424
-9.51165138249
-10.4761703424
-9.24091387483
-9.24417343078
-10.0233241617
-10.4761703424
-8.92323861454
-8.49532464751
-9.20109241489
-8.20251511992
-10.4761703424
-9.63771716404
-10.4761703424
-10.4761703424
-9.40231812129
-9.5489735948
-5.80462985506
-7.97713773698
-6.84758247456
-9.75925440506
-6.89343295132
-8.07452510701
-8.92830125114
-9.43872928295
-9.02093785637
-8.02900908519
-7.87143172165
-8.78127785026
-9.22835651324
-8.56276751533
-8.15464368255
-9.69323897914
-6.72751554422
-9.78305163461
-9.08995279376
-10.4761703424
-9.13933183736
-9.45072833805
-7.47304209892
-9.56414850256
-9.39738385947
-9.57713010318
-8.84128113384
-10.4761703424
-9.3966012901
-9.63771716404
-9.60020007599
-8.98071470111
-9.37151107476
-10.1406119846
-10.4761703424
-10.4761703424
-7.1570512968
-9.62595514445
-7.47891781459
-10.1898660251
-8.49958216061
-9.56775975791
-9.4765325017
-8.99222026226
-9.03722755116
-9.20561031462
-10.0223364624
-10.4761703424
-9.46681949698
-8.89451829571
-9.68632738217
-10.4761703424
-6.41940830578
-8.6079434633
-9.44606664034
-10.4761703424
-10.0065589529
-10.0497542038
-10.4761703424
-10.4761703424
-9.68002533192
-9.07572224613
-9.26078813654
-9.22512594056
-8.91075338058
-9.47771826015
-9.62990404808
-9.1334136871
-10.4761703424
-10.4761703424
-9.25192047337
-9.09880987205
-9.97529703067
-9.38595496972
-10.4761703424
-9.22913527477
-8.79079023456
-8.87464276189
-8.85752009763
-10.1109311092
-9.68949700248
-9.44519592633
-9.58350570283
-9.39985832193
-9.39985832193
-9.92019379559
-9.22444407816
-9.22444407816
-8.26778548248
-8.70150765774
-10.4761703424
-8.39083477169
-9.08341759965
-10.4761703424
-10.1228064472
-8.08458093149
-9.36756044745
-7.92643411222
-9.19539521142
-9.15820846037
-8.68701811149
-8.53822435945
-9.60775744851
-8.25576923739
-8.9173231335
-9.48900521309
-9.68980727983
-10.4761703424
-8.78696428677
-7.89693469342
-10.4761703424
-9.52869847274
-10.4761703424
-9.37385585544
-9.10291590988
-9.10291590988
-10.4761703424
-10.4761703424
-10.4761703424
-10.0560780872
-10.4761703424
-9.26177775404
-9.53675818967
-8.47419317034
-9.70163123871
-10.4761703424
-8.48492128816
-8.05567646919
-10.4761703424
-10.4761703424
-10.4761703424
-10.4761703424
-9.00346178551
-8.68929454427
-9.46394976209
-9.38433285242
-9.44080541759
-9.98147647662
-10.4761703424
-10.4761703424
-7.65346616022
-9.98286719192
-9.35405287302
-9.53275087062
-10.4761703424
-10.0368937984
-8.65401743035
-9.94897272776
-10.4761703424
-9.99577605046
-7.80455117698
-10.4761703424
-9.96070119747
-10.4761703424
-9.1958955487
-9.25275531988
-10.4761703424
-10.4761703424
-9.98363053399
-9.96866553692
-10.4761703424
-8.62961951198
-9.36717282468
-9.36169499574
-8.81385058036
-10.4761703424
-10.4761703424
-8.38393278187
-8.70854162353
-9.06496182181
-9.83669304336
-8.90801517027
-9.80409100498
-7.72722117358
-8.55602799026
-9.13234817678
-10.4761703424
-10.4761703424
-8.74534796622
-8.77545591718
-10.4761703424
-10.4761703424
-10.4761703424
-8.86910401069
-8.64187991885
-10.4761703424
-8.39547870336
-9.34890970762
-8.80197869999
-9.59756986499
-9.5838367574
-8.68678591043
-9.01169461172
-9.5401253272
-9.06446918099
-9.39985832193
-9.16480196323
-8.83880273097
-10.4761703424
-10.4761703424
-7.27677771155
-10.4761703424
-9.93716889674
-9.22741308195
-9.11452733475
-10.4761703424
-10.4761703424
-9.15326742712
-10.4761703424
-8.85766132816
-10.4761703424
-10.4761703424
-10.4761703424
-7.41106077995
-9.1483507064
-9.29243474436
-8.7743626258
-8.64397782715
-6.75382748343
-10.4761703424
-7.23169812947
-10.4761703424
-10.4761703424
-10.4761703424
-10.4761703424
-10.4761703424
-10.0880955646
-10.4761703424
-10.4761703424
-10.4761703424
-10.4761703424
-10.4761703424
-10.4761703424
-7.2781819776
-9.86854536797
-9.36170404923
-9.29243474436
-9.5838367574
-9.24344396096
-10.4761703424
-10.4761703424
-9.69912274234
-9.04665359632
-8.53009409066
-8.90786745774
-9.33906659166
-9.65501080264
-9.62350442027
-8.00709774204
-10.4761703424
-9.44229193695
-9.04559868715
-10.4761703424
-9.72022282728
-10.4761703424
-9.68565914392
-10.4761703424
-10.4761703424
-8.61950662494
-10.4761703424
-9.58279153121
-9.29510936864
-9.39150147914
-9.50501630629
-8.68976355811
-7.85484285125
-9.28480825682
-9.36371647372
-7.59941428447
-9.49507186369
-9.52593197052
-9.2885517071
-10.4761703424
-9.84483142892
-9.95973335661
-8.54582825288
-10.1940753325
-10.4761703424
-7.89309259844
-10.4761703424
-9.40179485344
-9.48099385082
-9.47933775396
-9.65208420554
-9.86413007725
-9.71072609081
-10.4761703424
-10.4761703424
-10.4761703424
-10.4761703424
-10.4761703424
-8.47865107267
-9.3447981894
-8.25316674564
-10.4761703424
-10.4761703424
-10.4761703424
-10.4761703424
-10.4761703424
-9.60708499403
-10.4761703424
-10.4761703424
-10.4761703424
-10.4761703424
-9.57052307274
-9.53062988198
-8.60763262119
-8.94662231569
-9.54884968838
-9.52117938356
-8.47606199461
-10.4761703424
-7.54624473745
-10.4761703424
-9.43204207553
-9.44659276495
-9.53696431709
-9.8464927695
-10.4761703424
-9.81401853086
-8.65228413342
-9.4243353134
-9.48287581082
-9.7965705064
-9.65403140658
-9.24206959563
-9.2604639678
-10.4761703424
-10.4761703424
-9.21262616421
-10.4761703424
-9.45317384448
-10.0564861737
-9.4272801496
-9.68052841425
-9.97571125136
-9.49612911969
-8.69077035568
-8.5944314436
-9.42937602211
-9.18701191009
-10.4761703424
-9.70541101891
-9.95411895192
-9.90123007871
-8.01016824033
-9.87431012147
-10.4761703424
-10.4761703424
-10.4761703424
-9.26589366888
-10.4761703424
-10.4761703424
-8.98792350917
-9.95105159141
-9.07909239466
-9.85733121689
-9.35405287302
-9.35405287302
-9.31304031394
-9.29886683639
-9.95929595667
-9.78601369559
-9.45420360019
-8.62552801093
-9.50816861044
-8.58909021984
-9.15820846037
-9.83499566284
-9.38028018772
-10.0347926314
-9.63377641196
-10.4761703424
-10.4761703424
-10.4761703424
-10.4761703424
-8.88636360688
-9.96833654566
-8.98876957964
-9.47995841663
-9.32094917229
-9.66656650741
-9.19752350317
-9.60209347611
-8.96931100658
-8.94312109696
-10.4761703424
-10.4761703424
-10.4761703424
-9.48381349162
-9.48381349162
-10.0208650391
-9.77851146414
-10.4761703424
-8.92911274156
-8.92911274156
-8.92004795555
-8.57364921199
-8.62618207603
-9.1810649271
-9.66657954738
-8.70718635006
-9.48451316026
-10.4761703424
-9.9539914619
-9.13456157937
-7.23139634488
-9.23904456014
-9.49790579688
-8.6230679539
-9.43680519759
-9.33953500248
-8.6216625782
-9.14548221438
-9.3416459476
-9.39826643003
-9.17414051918
-9.54689528814
-10.4761703424
-9.28982096058
-9.11735488975
-9.52857133795
-10.4761703424
-9.71635281038
-10.4761703424
-8.98123725904
-8.63766314666
-10.4761703424
-10.4761703424
-8.92680269071
-8.96996132564
-9.89443855074
-10.4761703424
-10.4761703424
-8.65391767963
-9.07464072412
-9.14788826054
-9.28011032045
-9.06038431282
-9.44262348011
-8.14103897239
-8.81840858642
-10.4761703424
-10.4761703424
-9.24198038802
-9.30284561713
-9.77530182038
-10.0983564609
-9.16141814017
-10.023657308
-7.85245096356
-9.29189410644
-9.24858318984
-9.38523527785
-8.7170640319
-10.4761703424
-9.18935974893
-10.0557504363
-9.29325419554
-9.39838077542
-9.06860175827
-9.06860175827
-9.2091766971
-7.97228904488
-8.68597504129
-9.59715684165
-8.02229496307
-8.67948504241
-8.82351043597
-9.20043722778
-9.546969292
-6.40154906766
-9.89627289702
-10.4761703424
-10.4761703424
-9.78325270853
-10.4761703424
-9.85783282661
-10.4761703424
-8.91054995386
-10.4761703424
-9.47110434306
-8.99283789931
-9.15879027129
-10.4761703424
-9.50956491443
-9.49550194288
-10.4761703424
-9.83703936587
-9.60473045524
-9.71778875346
-10.4761703424
-9.47642357248
-9.38022771918
-9.59215368622
-7.65487164364
-10.4761703424
-8.83868871413
-9.0241219234
-9.01043411088
-9.03155460609
-9.23110257395
-8.66516391992
-9.6150944835
-10.4761703424
-9.29305441962
-10.0266801523
-9.66239165298
-8.25899361117
-8.70334568244
-8.66148158466
-9.5838367574
-9.5838367574
-9.54825829505
-9.18238255461
-9.32650192168
-9.68990247236
-10.0340440612
-10.4761703424
-9.23999209606
-10.4761703424
-9.78438636259
-9.00423856167
-9.78282163229
-9.32837079458
-9.62691197507
-9.66767494375
-9.29970274427
-9.35903136125
-9.45132096232
-9.91383286639
-9.40043939024
-9.70605526536
-9.48898165626
-10.4761703424
-10.0080362011
-10.4761703424
-10.4761703424
-9.10062174308
-9.60473045524
-9.60473045524
-7.22642872343
-8.91543087357
-9.43843189436
-10.4761703424
-9.89354543361
-9.48625464666
-9.99962369249
-10.4761703424
-9.00521698903
-10.4761703424
-10.4761703424
-10.4761703424
-9.06045789345
-9.06210533333
-9.02766105807
-9.26261236566
-10.4761703424
-9.50429009301
-7.46371076671
-9.77180159219
-9.12132610629
-10.4761703424
-8.8663790655
-10.4761703424
-10.4761703424
-10.4761703424
-10.015966545
-9.62259794053
-9.88057911992
-9.57430715546
-10.0856650305
-9.76594541177
-8.84673668261
-10.4761703424
-10.0456178312
-10.064206342
-9.87535852878
-10.4761703424
-5.89450073862
-7.90293097881
-6.88973686441
-10.4761703424
-8.06818425565
-8.14490215513
-10.4761703424
-9.02790773326
-7.61556891494
-9.80042977313
-8.55101025534
-8.44275355546
-8.44980348688
-8.02986702162
-8.62922754764
-10.4761703424
-6.66541311911
-10.4761703424
-8.87316752928
-9.245105637
-9.5585023522
-9.62968186504
-9.09941914796
-9.57394651966
-10.4761703424
-10.4761703424
-9.34805570223
-9.14829836053
-9.53254635604
-9.96030512884
-9.62785139002
-9.72964207155
-8.54664566764
-9.01740197766
-9.39566227364
-9.7965705064
-9.43497627285
-8.15951235061
-10.4761703424
-9.97913900186
-9.40936288718
-5.87097363009
-8.42434323681
-7.49824629293
-7.37282736169
-7.81792909809
-8.35932067158
-9.85088344973
-9.86995779369
-8.37279229805
-9.7448233143
-9.09679485509
-9.18838607637
-7.93406999526
-9.14702603263
-7.64590820591
-6.53812425574
-9.4315304197
-8.66392186424
-9.02395403061
-10.0114991885
-10.4761703424
-10.4761703424
-10.4761703424
-10.4761703424
-10.4761703424
-10.4761703424
-10.0613144316
-10.4761703424
-10.4761703424
-10.4761703424
-10.4761703424
-10.4761703424
-9.9845281451
-10.4761703424
-10.4761703424
-9.68731092923
-10.4761703424
-10.4761703424
-8.98881443265
-9.32037826719
-9.9561122344
-8.49156240682
-9.46850569
-10.4761703424
-9.88232442696
-8.48348950774
-10.4761703424
-10.4761703424
-8.81733390091
-9.52561832389
-9.23056518844
-9.7965705064
-9.54916284101
-9.7965705064
-9.45661855383
-10.4761703424
-9.00991510785
-10.1299985746
-9.92290373702
-10.4761703424
-9.43802047655
-9.43802047655
-7.89780443414
-9.13900191932
-8.55806724178
-9.90954366606
-10.0221302089
-8.79674624717
-9.22926461993
-8.14442254894
-10.4761703424
-9.38786974869
-10.4761703424
-10.4761703424
-9.29044710132
-8.33668921225
-9.10743123739
-9.84044521051
-8.68508621882
-10.4761703424
-10.4761703424
-9.99335574259
-10.4761703424
-9.19130320633
-9.20078632432
-9.48251936976
-9.97403614869
-8.47560193715
-9.01071140814
-9.60993123333
-10.0160949321
-8.72315044366
-9.37634271991
-8.76489904273
-9.75782965635
-10.4761703424
-9.35631692742
-10.4761703424
-10.4761703424
-8.40416585265
-9.01043411088
-9.31345290491
-9.65725175476
-10.4761703424
-10.4761703424
-9.07783700552
-9.64211425072
-10.4761703424
-10.4761703424
-9.00049081905
-10.4761703424
-10.4761703424
-10.4761703424
-10.0304224486
-10.4761703424
-10.4761703424
-9.26277189627
-9.38498080618
-10.0953152158
-9.49572474056
-9.98079055538
-9.59150203554
-9.29858418856
-9.57965303628
-10.4761703424
-9.65678177881
-10.4761703424
-9.33159029209
-7.88182160264
-7.98489929753
-9.06163267513
-8.87776261119
-9.66798814257
-8.92273612974
-9.45134683534
-8.80534733464
-8.59357368384
-10.4761703424
-10.4761703424
-9.14700789209
-10.4761703424
-10.4761703424
-8.55136062098
-9.35405287302
-10.4761703424
-10.4761703424
-9.82072273791
-10.4761703424
-9.82769075538
-9.27613466304
-9.27752927323
-9.15488708521
-9.3787435669
-9.76085670573
-9.14171375823
-9.67130878182
-10.0136435373
-10.4761703424
-9.7600670244
-10.4761703424
-8.95481945919
-10.4761703424
-10.4761703424
-10.4761703424
-10.4761703424
-8.90155775559
-8.90155775559
-9.00291780538
-9.38727741821
-8.80880205205
-8.37980813539
-8.74564120293
-9.50896146288
-9.7965705064
-10.4761703424
-10.4761703424
-10.4761703424
-10.4761703424
-9.17239147809
-10.4761703424
-9.01973896509
-10.4761703424
-8.42604657066
-9.94328364032
-9.67878528773
-8.46055266752
-8.58579857462
-9.81561527194
-10.4761703424
-9.68994148668
-10.200858023
-10.0355495019
-9.64816258245
-9.71354881643
-8.05397114146
-8.97562182209
-8.96095695664
-7.31991174777
-8.98967801631
-9.26280539379
-10.4761703424
-9.5055859312
-9.09808899837
-9.15240976634
-9.56575790643
-10.4761703424
-9.24137198521
-9.98984522812
-9.59112576472
-9.43072523769
-8.6133064813
-9.79632216694
-7.89522626386
-9.94907901746
-10.4761703424
-9.91315815035
-9.3934521965
-8.91203836999
-9.35999441639
-10.4761703424
-9.72295023949
-10.4761703424
-9.67963665932
-9.97540508962
-8.98270902256
-8.98936765912
-8.96308418981
-9.68170170182
-9.19087594013
-8.84128503978
-10.0160949321
-8.70512632168
-8.35684944676
-7.96897287364
-9.09538531115
-9.758129457
-10.4761703424
-10.4761703424
-9.96779128621
-10.4761703424
-8.34621208839
-8.6765002707
-9.34653099562
-9.38046157278
-7.92179424207
-9.61456297516
-9.23859076106
-9.41836428629
-9.69262945595
-9.57924063974
-10.4761703424
-10.4761703424
-9.01639873184
-9.29243474436
-9.46145250689
-8.11059197645
-9.55686777808
-9.92468223231
-8.83960016836
-7.89749212352
-10.4761703424
-9.54292290958
-10.4761703424
-10.4761703424
-8.74848998528
-10.0223364624
-9.71590473239
-9.48766017969
-9.88045985667
-10.4761703424
-9.60289208711
-7.6882997766
-9.72361989577
-7.8127911418
-9.66798814257
-9.21830522468
-9.13464298011
-9.0619140318
-9.51872403941
-10.4761703424
-10.4761703424
-10.4761703424
-10.4761703424
-9.32760966439
-9.77233190427
-10.4761703424
-9.08269750166
-9.0848266901
-9.35403122941
-9.1499654995
-8.35429989293
-9.36079808257
-8.40589631239
-9.3337497119
-9.77324021115
-9.46430133082
-9.30571466456
-8.41436031921
-9.30041689428
-7.89598408922
-9.70885744591
-9.30432033017
-9.30976226155
-10.4761703424
-10.1448873911
-9.10780779899
-9.47459040289
-10.4761703424
-9.61840598133
-9.27376355654
-9.38846940633
-9.73945175749
-9.99507311967
-10.4761703424
-9.39462771287
-9.28261224733
-10.4761703424
-9.44170170783
-10.4761703424
-9.90151641428
-9.57084542461
-9.48834444884
-9.4793286165
-8.11599733883
-9.92908146657
-8.62968788608
-10.4761703424
-10.4761703424
-10.4761703424
-10.4761703424
-9.06289296177
-8.21990743803
-10.4761703424
-9.19674239284
-10.4761703424
-7.80421022728
-9.37871023197
-7.78873205405
-9.99809125683
-9.43504981544
-9.27614580983
-10.4761703424
-10.4761703424
-7.97795587961
-9.82316216869
-10.4761703424
-7.37381760989
-9.45072833805
-8.3654484132
-9.16782089239
-8.76490743493
-9.81601136455
-9.16713431895
-8.78947408378
-9.19983393846
-9.42410206117
-8.08063706906
-8.7604891921
-10.4761703424
-10.4761703424
-6.93823504813
-9.34920294346
-9.28554409488
-8.55121078589
-8.91437623831
-10.0192116698
-9.82551775359
-8.6215216172
-9.00142798002
-10.4761703424
-9.09559233629
-10.4761703424
-7.93253827256
-10.4761703424
-8.74252215337
-9.6078158265
-9.86455337667
-10.4761703424
-10.4761703424
-9.53834952072
-9.27841157008
-8.55434537431
-9.61509750125
-9.82327075042
-9.35384696369
-6.21920134572
-7.76573486993
-6.59351281248
-9.94255401175
-8.9975396291
-10.4761703424
-9.39845375823
-8.83113668985
-8.29431636424
-8.18070207402
-8.50712471691
-9.30412687574
-8.57149063043
-9.4802528247
-9.86852860315
-10.128317386
-9.22444407816
-8.07720401005
-7.05747946335
-9.30670945267
-9.50654831009
-9.60886573643
-9.38259213406
-5.42184903107
-6.58449820806
-6.61843654223
-6.88500576709
-6.09068419349
-7.57344979286
-7.51771427364
-7.63681120934
-8.84233827477
-8.96546742047
-9.72166404721
-9.57362719245
-9.98768425266
-9.11850333391
-9.72695598288
-10.4761703424
-9.59180078626
-8.54942178187
-9.34793288914
-9.29523051821
-7.90186705541
-8.10039233871
-9.33274945223
-7.86095640578
-9.00591030317
-8.66304869447
-9.59131417113
-9.22498094283
-9.17284727381
-9.57599194603
-9.19840822472
-9.5531574994
-9.94049564969
-9.40830178284
-9.33800172865
-9.49243232578
-9.96652619366
-9.42025140345
-9.50076617437
-9.21708139558
-10.4761703424
-10.4761703424
-10.4761703424
-10.4761703424
-10.4761703424
-10.4761703424
-10.4761703424
-10.4761703424
-7.89911916979
-9.03462731338
-9.24869417028
-7.9514434475
-8.13558542586
-9.52296400432
-9.71840323171
-10.4761703424
-9.24144770749
-9.33458883661
-7.25626009646
-9.04197790347
-9.33914519393
-10.4761703424
-10.4761703424
-10.4761703424
-10.4761703424
-10.4761703424
-10.4761703424
-9.66330737415
-8.93592954452
-10.4761703424
-9.37455107327
-9.47515096232
-10.4761703424
-10.4761703424
-10.2064342398
-9.75583429101
-9.14502113729
-10.4761703424
-9.32609983976
-9.99688374288
-9.46497118399
-7.89904825585
-10.4761703424
-9.92459245049
-9.99180890525
-9.36485691777
-8.64593008621
-9.13770931701
-9.35343343902
-7.9708382086
-9.4647296424
-9.14626105292
-9.38908269719
-9.62556969146
-9.17737116429
-9.50452441701
-9.54003972708
-9.03630263637
-9.14208959745
-9.53964364213
-7.86868420648
-9.84487158616
-10.0467614239
-9.33279571778
-9.8115021937
-9.77616463904
-9.26504024451
-10.4761703424
-8.46550395351
-9.40688386268
-8.8179604167
-9.88848950752
-9.76746646924
-9.76746646924
-7.98900532317
-9.7965705064
-10.1075982465
-9.26853782928
-10.4761703424
-10.4761703424
-9.16122697617
-8.5033352212
-10.4761703424
-10.4761703424
-10.4761703424
-10.0727341666
-8.81788288178
-10.4761703424
-7.13242093212
-9.24435852956
-9.41732917311
-9.60473045524
-8.08584560206
-9.51480717158
-10.4761703424
-9.07228986985
-9.58851705468
-10.4761703424
-8.00802269206
-9.38908269719
-8.7834671972
-7.33478756241
-9.90197321688
-9.68335035075
-8.85148566856
-9.60775744851
-9.47073406754
-9.61794791498
-9.53887884631
-9.02590581549
-9.70460663092
-8.01746689519
-9.56231512028
-9.97905569642
-10.0431772617
-10.4761703424
-10.4761703424
-10.4761703424
-10.4761703424
-9.73837981576
-10.4761703424
-9.76907265204
-7.20583972875
-8.62968788608
-9.62380599879
-9.36883245084
-9.39201449029
-9.9962531881
-9.81964206679
-10.4761703424
-10.0353289212
-10.0255434029
-7.61191496927
-10.4761703424
-9.03349034936
-10.4761703424
-9.92657828889
-9.44802218857
-9.18087893854
-9.3422524778
-9.81561527194
-9.69399174015
-9.9511068297
-10.4761703424
-10.4761703424
-10.4761703424
-8.46776770147
-9.61750805629
-7.7031057142
-9.61487927045
-9.60473045524
-9.43072477629
-10.4761703424
-9.58244493726
-8.2956455802
-10.4761703424
-9.45973460571
-9.35493129223
-9.35234770209
-9.63771716404
-9.63771716404
-9.63771716404
-9.80881680099
-10.4761703424
-10.4761703424
-9.80214971659
-9.71353442275
-9.52248765433
-8.60364354521
-8.4353420177
-10.4761703424
-10.4761703424
-10.4761703424
-10.2162799138
-9.06364742527
-10.4761703424
-10.4761703424
-8.88699332697
-8.88699332697
-9.44070311807
-9.16249143012
-9.68337855802
-9.38082177095
-9.10357286396
-10.4761703424
-10.4761703424
-9.10722660438
-10.4761703424
-8.96456326794
-9.12691389595
-8.97709161118
-7.95913572971
-10.4761703424
-9.63780443206
-7.60697333665
-8.80249534988
-9.0992038917
-9.78926533486
-9.32985168827
-10.4761703424
-10.4761703424
-8.81419614976
-10.4761703424
-9.14448116845
-10.0382493088
-9.38095777526
-8.28028240742
-9.36870857521
-9.10352353632
-9.58583053332
-9.21942647563
-9.5231771162
-8.65988034287
-10.4761703424
-8.54757460969
-9.56202384942
-9.79456981626
-9.14203997613
-8.9779573754
-9.17049175462
-8.97787148571
-9.46246738445
-10.4761703424
-10.4761703424
-9.76353726783
-9.35289021676
-8.22496855079
-9.58049258175
-9.44928562874
-8.88266307331
-9.85297345701
-9.14119313436
-9.14119313436
-10.4761703424
-9.78794214257
-8.79789920273
-9.31654163484
-8.74102936497
-7.50299398443
-9.11109778924
-9.2915703443
-8.00703464451
-8.78419667246
-8.80540070938
-9.44042269971
-9.58326615266
-9.85016210008
-7.67579210578
-9.911464818
-9.49121867123
-9.12596092984
-9.41631352529
-10.0361966161
-9.30359324843
-9.68595264143
-9.849978081
-10.4761703424
-8.82285997904
-9.41634977668
-8.40530383251
-9.01043411088
-7.08160052505
-9.19539521142
-10.4761703424
-9.17895456866
-10.0354469135
-9.71903447168
-9.50528978609
-9.31003553507
-9.62115660595
-9.24547070974
-9.63870736274
-9.45204015665
-8.48608282675
-9.61864390902
-7.47876363227
-9.0124715715
-9.3611939359
-8.29557999528
-9.58278666611
-8.89336100505
-10.4761703424
-10.4761703424
-10.4761703424
-10.4761703424
-9.3375669229
-9.72995575043
-9.68623245837
-10.4761703424
-9.16033480879
-8.71022046023
-9.65091912676
-9.63771716404
-7.41671975973
-10.4761703424
-9.85357504494
-9.27356910227
-9.29485470037
-9.54081598025
-9.79434942727
-9.27142468165
-8.37881548114
-10.4761703424
-8.15453630178
-8.15453630178
-9.86077607704
-9.24879423066
-10.4761703424
-9.05020798859
-9.7965705064
-9.78872872393
-9.2748640002
-10.1047700406
-9.0130025744
-8.62639755597
-9.21708139558
-10.4761703424
-10.4761703424
-8.47592167707
-8.76117034456
-9.83302278554
-8.41145480406
-10.0174236661
-8.94905433164
-8.02707367384
-7.44025708861
-8.50982787676
-9.31236822677
-8.95975951881
-9.80985946806
-9.44085427244
-9.45630422309
-10.4761703424
-10.4761703424
-9.11575713652
-10.4761703424
-9.18835864863
-10.4761703424
-8.81735879292
-10.4761703424
-10.4761703424
-9.60546556839
-9.55414365727
-10.0669692204
-8.89821294953
-9.84044521051
-9.22317426799
-10.4761703424
-10.4761703424
-9.13251488633
-9.69105809874
-9.05892822509
-10.4761703424
-10.4761703424
-10.4761703424
-7.9663037259
-10.4761703424
-10.4761703424
-10.4761703424
-10.0182281016
-10.4761703424
-8.94059193518
-10.4761703424
-10.4761703424
-9.19420280535
-9.90454769243
-9.5611586277
-10.4761703424
-9.85352493629
-10.4761703424
-10.4761703424
-9.26909907371
-9.83829940867
-9.33505870506
-8.93268899012
-10.4761703424
-5.28287558861
-6.37225371152
-6.61654574235
-5.56538069731
-7.02410737484
-7.52944937282
-5.60861479584
-9.22415327851
-9.25408911238
-9.58691979989
-9.14635026275
-8.31899551108
-9.75527577202
-8.85894832778
-9.31192028309
-6.34524497754
-8.78847663173
-9.67470230435
-9.90932519863
-8.55951671199
-9.44499602965
-9.59460342409
-9.02525626763
-9.36421050791
-10.4761703424
-10.4761703424
-9.19430871155
-8.95902598055
-9.53037998962
-8.69283714333
-10.4761703424
-5.3061102478
-6.35505579752
-6.13353473628
-5.6987467027
-7.37653703997
-5.48708820769
-10.4761703424
-9.83506822666
-10.4761703424
-9.94967087755
-9.37916776254
-9.9311850926
-9.7965705064
-9.27537977832
-9.34322949857
-9.76950155105
-9.57221238089
-8.99178330794
-10.4761703424
-10.4761703424
-10.4761703424
-9.28597698912
-8.67809254944
-10.4761703424
-10.4761703424
-9.65680461219
-10.1002004268
-9.49128309699
-10.4761703424
-9.12530508571
-9.88406037444
-9.9745201053
-10.4761703424
-9.92224039866
-10.0275121586
-10.4761703424
-9.56709571522
-10.4761703424
-9.45788043783
-10.4761703424
-9.1239430297
-9.30083934768
-9.11605729211
-9.11790422791
-9.20585685665
-10.4761703424
-8.88894407908
-9.56034552378
-10.141523941
-9.90716372744
-10.0114103017
-9.16395073084
-10.4761703424
-9.35489573197
-9.97571125136
-10.4761703424
-10.4761703424
-8.21187760977
-10.4761703424
-9.27159117979
-9.56564202194
-8.95100732919
-9.6999456083
-9.5730443404
-10.4761703424
-8.8674559236
-10.4761703424
-10.4761703424
-9.22040339532
-9.17025374165
-10.0295718686
-9.51606212595
-9.29277265793
-9.39658421706
-9.03205162633
-9.18030133289
-8.61037499241
-9.35283054449
-9.18363531297
-8.94070549455
-8.52323852642
-8.9866732852
-8.71219069656
-9.18701191009
-9.81561527194
-9.27834157733
-9.52890889169
-10.4761703424
-9.61382041716
-10.4761703424
-8.58732786288
-10.4761703424
-8.95563248306
-9.09971219647
-10.1094094096
-9.65355247839
-9.26134312836
-10.4761703424
-9.15678627286
-10.4761703424
-10.4761703424
-10.1470406317
-9.87949008168
-8.85446730262
-10.4761703424
-9.81231796439
-9.68748506682
-9.18258280033
-9.85850684645
-9.84739021526
-9.1068922062
-10.4761703424
-9.88327101443
-9.88586002601
-9.3267927518
-8.96063142006
-10.4761703424
-9.97345319163
-9.26334380481
-9.45106707681
-10.4761703424
-10.4761703424
-9.3348082078
-9.99533489133
-8.78457751166
-7.7447715794
-8.59441135071
-9.38295625317
-9.02080566798
-9.71997195305
-10.0205699681
-9.33541380542
-9.59653652713
-9.76067228243
-9.38504108901
-9.74081054861
-9.94992065768
-10.4761703424
-10.4761703424
-9.66656650741
-9.66656650741
-8.99436451943
-8.68247353195
-9.56371161047
-7.10156250417
-9.56414850256
-8.9745452616
-9.41672746586
-8.75980417093
-9.21969038846
-9.07388567838
-10.4761703424
-9.54289873785
-9.90638021296
-9.23656280264
-8.06767804327
-8.71189935259
-8.96233720846
-8.97504771001
-9.55394678714
-10.1023158472
-7.92450360254
-9.40688386268
-6.21993635748
-7.63137795673
-6.75824697788
-7.90963550402
-9.22423624142
-9.93913847717
-8.91971591368
-9.94300348678
-8.51130442849
-8.62043286454
-8.6289136512
-8.47616997235
-8.85711356723
-10.4761703424
-9.41223825401
-10.0340601754
-9.39001080019
-9.56885751939
-9.17988490409
-10.1043571655
-9.25386869584
-9.90336926185
-8.65975008584
-7.43456460238
-9.7965705064
-10.4761703424
-9.45821687777
-9.46478493623
-9.17170623879
-8.76038944004
-9.17057457094
-10.4761703424
-10.0291952684
-10.4761703424
-9.33422772891
-9.8819268561
-8.07726486492
-9.49243232578
-8.9140903032
-9.82705588715
-9.78810671829
-9.44001877162
-8.67948504241
-8.82909110479
-8.17515617282
-10.4761703424
-9.80350869076
-9.25219551155
-10.4761703424
-10.4761703424
-5.70565033775
-6.44347169832
-7.26442463533
-6.54495941001
-6.95129975127
-7.57207970513
-7.31223495185
-9.9925842846
-9.01773376554
-8.64797806368
-10.1645741193
-9.9511054231
-9.428626901
-8.6506319297
-10.4761703424
-7.32413126949
-9.14686639889
-9.10179019425
-7.90367482173
-10.4761703424
-8.9296323993
-8.73256388256
-9.56414850256
-8.47614221563
-9.07568896917
-9.55163869249
-8.6730121818
-9.4675874367
-9.38359884427
-8.99018114884
-8.71644559292
-8.42166087565
-9.42293699002
-9.00562301889
-9.01749595852
-9.2009672577
-8.90965019392
-9.41777812827
-10.4761703424
-9.05312450062
-9.9317866549
-8.22297166801
-10.4761703424
-9.531937108
-10.4761703424
-9.60820855186
-8.58303752067
-10.4761703424
-9.56580740909
-10.4761703424
-10.4761703424
-8.27506054288
-10.4761703424
-10.4761703424
-10.4761703424
-9.95155985203
-10.4761703424
-10.4761703424
-8.7875867522
-10.4761703424
-10.4761703424
-9.82519669416
-9.60235011751
-9.61079701791
-9.47846862574
-8.34236080871
-10.4761703424
-9.94852446346
-8.82094224257
-9.3929820005
-9.53504434718
-9.89504468739
-8.21734332113
-9.39475166726
-9.24253826681
-9.56876088216
-8.4085748599
-8.41235350569
-9.46681949698
-10.4761703424
-10.4761703424
-10.4761703424
-9.96200029104
-9.44139258404
-9.63771716404
-10.0154487205
-9.91315815035
-9.63818996955
-10.4761703424
-9.54000936306
-9.56639804354
-10.0546173236
-9.53660605727
-8.58006507775
-9.75160634527
-7.93092292466
-9.62007274129
-9.2269345592
-9.4676468959
-9.29130317997
-9.43417297663
-8.26701371269
-9.10645605007
-9.28053793413
-9.86351022888
-9.56290914504
-10.4761703424
-9.99885697392
-9.99885697392
-10.4761703424
-10.4761703424
-10.4761703424
-6.92998886655
-9.41016534808
-8.63847926831
-8.91085291868
-8.20397675327
-9.1450740696
-9.26866889198
-9.4836413882
-8.88807182265
-9.90627450576
-10.4761703424
-10.4761703424
-8.34581866969
-8.82825081002
-10.4761703424
-8.85028924475
-9.28020061034
-9.61305327349
-8.58283918348
-10.4761703424
-9.26500331475
-10.1251033487
-9.40606302646
-9.93041779851
-10.4761703424
-10.4761703424
-10.0419549267
-10.4761703424
-10.4761703424
-10.4761703424
-10.4761703424
-10.4761703424
-10.4761703424
-10.4761703424
-10.4761703424
-10.4761703424
-10.1215774163
-10.4761703424
-10.4761703424
-10.4761703424
-10.4761703424
-10.4761703424
-10.4761703424
-10.4761703424
-10.4761703424
-9.62984680573
-8.68720621823
-9.83571531014
-9.22754398655
-10.4761703424
-9.93277788664
-9.22242824812
-8.74987694245
-10.4761703424
-9.30206410389
-10.4761703424
-9.61741733372
-9.22024304723
-10.4761703424
-10.4761703424
-9.56277407075
-10.4761703424
-9.43717260115
-10.0039361786
-10.1145749073
-8.64930705847
-10.1094094096
-10.4761703424
-9.72048669384
-9.54887293502
-9.95357423483
-9.78575008714
-8.81778761329
-9.64211425072
-9.3934521965
-9.2411262741
-10.070315017
-9.4802281922
-10.1859303897
-10.4761703424
-10.4761703424
-10.4761703424
-8.82210725892
-9.03947285597
-8.37503993973
-8.70323647693
-10.4761703424
-10.4761703424
-8.15828700409
-8.74564120293
-9.1192316339
-9.36337782701
-9.33571676401
-9.43802047655
-9.43802047655
-9.84025886501
-8.53201027418
-9.81561527194
-10.4761703424
-9.64706481291
-8.55811170359
-9.15550042888
-9.12997812928
-5.56979351359
-8.38579936848
-7.09761912025
-6.38106141105
-7.17520349597
-7.79736379315
-6.98357229984
-8.37301460247
-8.98970524167
-9.00331841059
-8.94046990151
-9.16832455329
-8.93849634733
-8.58460928156
-9.41536338923
-7.17348155334
-6.8528273731
-9.56467364863
-8.03649904722
-10.4761703424
-9.14964433891
-8.0342912396
-10.4761703424
-10.4761703424
-10.4761703424
-10.4761703424
-10.4761703424
-9.00965396889
-8.96470797339
-8.99561833262
-10.4761703424
-10.4761703424
-9.34365004107
-8.62031974631
-9.15588431222
-9.99662555914
-7.4235911804
-9.66272784517
-10.4761703424
-10.0318180791
-9.35405287302
-10.4761703424
-9.40559549433
-9.6618357739
-10.4761703424
-10.4761703424
-9.10973066769
-9.1224918455
-9.64962853218
-10.4761703424
-8.8038969053
-9.63856289044
-10.4761703424
-10.4761703424
-9.38462148598
-8.56407664684
-10.4761703424
-10.4761703424
-8.69553786255
-9.67385568802
-9.29243474436
-9.29243474436
-9.35873664894
-9.34057955845
-9.92433696911
-8.83004417463
-9.45558233537
-9.9773766081
-9.7026876839
-9.13560078105
-10.0380202075
-10.4761703424
-9.70372097015
-9.71258423269
-9.41542448248
-9.63771716404
-5.30046509993
-9.29980790939
-8.91224604924
-9.7274788099
-9.16309972117
-8.13410116915
-6.57612034323
-6.8833165209
-7.28522999791
-5.68001795033
-8.73618862022
-9.19271813965
-7.19941064253
-9.10365353027
-5.37415150486
-9.04345089361
-8.35841100188
-8.38221465444
-8.77907429973
-9.57885910318
-9.94539158909
-10.4761703424
-9.21347323004
-7.82078597553
-6.20726794448
-6.21717325944
-8.00417999791
-6.81640349993
-8.72067845787
-9.76142490004
-8.86476147301
-8.95190341807
-6.44482309019
-8.73473135377
-9.87736083196
-8.15976249895
-9.21058872097
-9.70202421032
-5.21696993892
-8.31745406017
-8.01304246821
-7.18867587163
-8.27442826813
-10.4761703424
-7.50608565184
-8.41477881435
-7.58826263938
-8.3915673778
-8.19431919673
-7.90787521207
-7.52776956127
-7.12996710652
-8.04172946651
-5.63354069988
-9.17049329063
-8.93741281782
-7.39976545465
-8.20686720857
-8.7775813244
-5.43312137159
-8.36033553753
-7.40471326216
-7.93664358933
-8.00602712835
-8.58957225516
-9.03754878072
-9.70061526349
-7.49388899859
-9.33981940387
-9.02816599749
-6.88571856494
-8.21765046744
-7.58847496693
-7.76957221678
-9.15175178903
-6.05685151493
-7.56824658241
-8.97031895145
-8.33696024903
-8.14946138633
-7.88488948122
-8.88438329495
-8.93678764293
-6.70763896083
-10.4761703424
-9.62894763578
-9.33426171304
-9.06671660691
-8.77540924104
-8.98390737071
-8.33208103749
-7.14347668487
-9.67113740796
-8.37564181755
-10.4761703424
-9.46662054212
-5.30315204373
-9.32049232229
-8.20031765266
-7.77672269329
-9.20173110695
-9.0812257759
-9.03400871443
-9.23014701638
-7.61062135851
-5.98385693115
-6.38994294944
-8.76965367522
-8.30346093153
-6.08648056578
-9.76308304246
-9.02483829762
-8.55190549788
-7.01354726898
-7.08077460909
-8.77248122044
-9.33201944726
-8.31449941474
-10.4761703424
-9.60473045524
-9.69882698344
-9.38141507447
-10.4761703424
-10.4761703424
-8.58400631054
-8.81721563475
-10.0676230334
-10.4761703424
-8.07662431914
-9.22501661368
-8.57107248325
-8.94752773949
-10.4761703424
-10.4761703424
-7.933167887
-9.02270964415
-9.35343343902
-8.14867146394
-8.96906670396
-10.4761703424
-9.59976677042
-9.32984567473
-10.4761703424
-9.47907734319
-9.27517731819
-7.77778612516
-8.97435164851
-9.31551634038
-9.22187846312
-9.30583606949
-8.58536904766
-8.78504365135
-9.13454248445
-9.76249882727
-10.4761703424
-10.4761703424
-9.48953070116
-7.30539401026
-8.83734322591
-9.6916034608
-9.55688721083
-9.23616881985
-9.48618013899
-9.39176670774
-8.87309060239
-9.54611117514
-9.55316205535
-9.55316205535
-10.4761703424
-10.4761703424
-9.92061498792
-9.70853247504
-9.56187422821
-9.05132622483
-9.24858318984
-10.4761703424
-10.4761703424
-9.23637483661
-9.23637483661
-9.57870403237
-9.05357256376
-10.4761703424
-9.26445339565
-9.48356358922
-9.58365782634
-10.4761703424
-10.4761703424
-8.97260356463
-9.91129948625
-10.4761703424
-9.2003876262
-9.63992910508
-9.20347849236
-9.35202274555
-9.03847853873
-9.54395655856
-9.26031043523
-9.63771716404
-9.59153195418
-8.26870344622
-10.0005450464
-9.60810313531
-7.91284960073
-9.17076394757
-7.69333070299
-8.13558542586
-9.36631162319
-9.59928385943
-9.08307086016
-9.00341070659
-10.4761703424
-10.4761703424
-10.4761703424
-8.18086293611
-9.05290691166
-9.53406640277
-9.24991195823
-10.4761703424
-8.94821877223
-9.66798814257
-9.66798814257
-8.84701820369
-9.17006140144
-9.27103104381
-10.4761703424
-10.4761703424
-9.02284788535
-9.92855615237
-9.20460306072
-10.4761703424
-10.4761703424
-10.4761703424
-10.4761703424
-10.4761703424
-10.4761703424
-9.39716865522
-10.0762475678
-9.24703635937
-8.92889617079
-7.44126377448
-10.4761703424
-9.38672954551
-9.47113566623
-9.29783595546
-9.00513597495
-8.77210767925
-10.4761703424
-8.82725094249
-9.22926461993
-9.17360997945
-9.569999
-9.569999
-8.31956566406
-10.4761703424
-9.48411135949
-8.84305678207
-10.4761703424
-8.98540704061
-9.42926210347
-9.4007819645
-10.4761703424
-10.4761703424
-8.96714236855
-10.1150450487
-10.4761703424
-9.89344725497
-9.94779382868
-10.4761703424
-9.6526896748
-9.79792926628
-9.35319582725
-9.35319582725
-8.82151625599
-9.63373024367
-8.91270377125
-9.49777236719
-9.22807463427
-9.5236296462
-9.36546714491
-7.55636854802
-9.32500325071
-9.99688374288
-8.01858777209
-9.33285253331
-9.63259729533
-8.80143647612
-9.47750054095
-9.48684013005
-10.4761703424
-8.96276696722
-9.23905013365
-8.68848400989
-8.95049676469
-8.75719818576
-9.12145325204
-9.14527341588
-9.15186996391
-9.79342221021
-10.4761703424
-9.12492183786
-8.7483545561
-7.95050154065
-10.4761703424
-9.96983373503
-9.90844846433
-9.14066866507
-10.4761703424
-9.2727856451
-10.4761703424
-10.0015722348
-9.94992065768
-10.0647741439
-10.4761703424
-9.37150975129
-7.785721053
-9.50760289237
-9.28576510605
-9.30317107366
-9.28913578753
-10.4761703424
-10.4761703424
-10.4761703424
-10.4761703424
-10.4761703424
-10.4761703424
-10.4761703424
-10.4761703424
-10.4761703424
-10.4761703424
-10.4761703424
-9.46870399886
-9.46870399886
-10.0295585967
-10.4761703424
-7.59931413691
-9.3665710281
-8.81043639347
-9.1322745712
-10.4761703424
-8.92646767763
-6.11545457873
-8.0319615817
-9.44753573222
-9.43406523045
-9.22739751937
-8.91058024449
-8.93966150211
-9.16499176298
-9.06438651382
-9.40787805603
-8.95212457955
-7.894246349
-8.16736251671
-7.54283261277
-8.363216893
-8.71378039831
-8.85462865646
-9.47812568286
-9.47812568286
-10.0562161298
-10.4761703424
-7.52775727368
-10.4761703424
-10.4761703424
-8.85409299039
-9.4053890176
-9.4053890176
-9.80358434188
-9.56176388661
-8.54330125055
-9.25492750524
-10.4761703424
-9.72417275511
-8.89766322793
-6.89307995233
-10.4761703424
-9.26609487026
-10.4761703424
-9.62135078484
-10.4761703424
-9.79991118677
-9.40390041034
-10.4761703424
-9.94984430308
-9.01050827335
-9.38817409408
-9.91521517696
-10.4761703424
-10.4761703424
-10.4761703424
-8.3606333987
-8.8694050699
-10.4761703424
-8.24719020321
-9.82804062081
-10.4761703424
-10.4761703424
-9.91255329908
-8.30518996192
-8.59558370357
-8.71376658236
-8.56366904228
-9.18809631543
-9.42180045799
-9.51882963863
-8.12974735152
-9.26579617669
-9.46505232418
-8.12144155917
-9.05751748215
-10.4761703424
-9.88327101443
-9.18586370728
-7.05370843925
-9.84280256192
-9.31446987288
-9.79420560621
-8.88832796298
-9.12380784857
-10.0340440612
-9.53711560017
-9.8827320343
-6.61812864473
-8.96260199261
-9.08883074312
-9.21100304667
-8.91723561783
-9.83399954601
-8.45525857415
-9.71046047118
-9.27703386919
-8.37581167181
-10.0741941089
-9.57730834472
-8.3182978928
-9.29604035238
-9.31909704417
-9.61500597256
-9.02439892716
-9.41166797592
-7.78386960457
-9.99257887576
-9.48347764322
-9.11602962065
-9.04109544668
-8.6765002707
-6.50423795083
-10.0364619684
-10.4761703424
-9.73473667416
-10.4761703424
-9.36384710827
-9.99028237423
-9.03391796141
-9.27559770879
-9.81458381391
-9.66826153056
-7.63915296841
-9.94548685058
-9.28620774469
-7.40658173287
-8.65820616686
-9.81561527194
-9.4632266004
-9.31551634038
-10.4761703424
-10.4761703424
-9.53440050412
-10.1889497843
-10.4761703424
-9.73178310693
-8.65474519599
-9.51520174162
-9.72786616919
-9.72252905867
-9.57228946145
-7.02437430909
-9.82064624619
-9.28926077528
-9.6059701475
-10.4761703424
-9.317549031
-9.76899069772
-9.73856270787
-10.4761703424
-8.46549340844
-9.00410705069
-8.69867922619
-9.00094369581
-5.24042110016
-5.85636523057
-6.22195729943
-7.65774924138
-6.17201974523
-6.97945585543
-9.04873575512
-9.71349538774
-8.91843663159
-8.12223601915
-10.0911819158
-9.15834376079
-9.36389286064
-9.569999
-10.4761703424
-10.4761703424
-8.72978979278
-9.2221204584
-10.4761703424
-10.4761703424
-9.07658739563
-10.4761703424
-10.4761703424
-10.4761703424
-10.4761703424
-10.4761703424
-10.4761703424
-10.4761703424
-10.4761703424
-10.4761703424
-10.4761703424
-10.4761703424
-10.4761703424
-10.4761703424
-9.26841956513
-8.32605529612
-10.4761703424
-10.4761703424
-10.4761703424
-8.9962744882
-9.28386807779
-9.35708156005
-7.84642603681
-8.58529227428
-9.60473045524
-8.85526098363
-10.4761703424
-10.0192899757
-10.4761703424
-8.5950841394
-9.31192579305
-9.55798971568
-10.4761703424
-9.96254859407
-8.58662576167
-9.04833189241
-6.90321579707
-9.60403660111
-9.29318818072
-9.41827023907
-10.4761703424
-9.86826819348
-8.32314076608
-9.67679084071
-9.05480161447
-10.4761703424
-8.17598300241
-9.08721071471
-8.31061089008
-9.07556611886
-8.65429784262
-7.92367267533
-9.62770769802
-8.75440978078
-9.57713010318
-9.56877903291
-10.4761703424
-9.344475559
-9.18904739204
-9.41531183094
-10.4761703424
-10.4761703424
-8.34749944006
-9.30219227714
-9.16509931222
-9.31885644199
-9.10797211387
-10.4761703424
-10.4761703424
-10.4761703424
-10.4761703424
-10.4761703424
-5.45746167003
-6.95793717954
-7.23200135564
-6.70424332216
-6.00143520463
-7.31203532458
-6.85538334829
-7.9731343736
-8.68498425833
-8.06701392274
-8.319691125
-9.36398008722
-9.94808110901
-8.8104435776
-9.58787145217
-10.4761703424
-10.4761703424
-10.4761703424
-10.4761703424
-10.4761703424
-8.63704682588
-8.68929454427
-8.68231747211
-9.38367643557
-9.09889464067
-9.1462357981
-9.54611117514
-9.09533395143
-9.85586166611
-9.5639672321
-10.4761703424
-9.29454927825
-9.24459092785
-9.20604212712
-8.98465099606
-8.38999601498
-9.51904446112
-10.0477226249
-8.61852567273
-9.67700346354
-9.97538563251
-9.72689512467
-7.13446055518
-9.60775744851
-8.79643070151
-9.67317876555
-10.4761703424
-9.27237889855
-6.41666597722
-9.43731996836
-9.20398126003
-7.5305926398
-8.90631108147
-8.1817688329
-7.93183554495
-9.65469863091
-9.56037725709
-8.35057159128
-9.4053890176
-9.26906680941
-9.04494212304
-9.38619426307
-10.4761703424
-10.4761703424
-8.75692049321
-10.4761703424
-7.72860606531
-9.30103971803
-9.44122257521
-9.44122257521
-9.29842905143
-9.06860175827
-8.96308418981
-9.06860175827
-9.62759405966
-9.62759405966
-8.98724181669
-9.40512182856
-9.87966845333
-8.965731362
-9.35336889417
-8.58881222761
-10.1047700406
-8.12428688023
-9.60428824071
-10.4761703424
-9.98714549983
-8.27519376454
-8.46776770147
-10.4761703424
-10.4761703424
-10.4761703424
-6.80107905376
-9.09355117265
-9.26221467976
-9.20371784017
-8.52560602666
-8.48608282675
-9.05746145499
-9.21753946983
-9.21776462659
-9.52702994726
-10.4761703424
-10.4761703424
-10.4761703424
-9.97365096397
-9.95865099674
-7.83272562113
-8.6621523695
-8.32613650622
-9.12185669851
-9.42926210347
-9.5963258019
-9.15903551734
-8.90459091124
-10.4761703424
-10.4761703424
-10.4761703424
-10.4761703424
-9.57336714594
-9.57336714594
-9.55197998083
-10.4761703424
-10.4761703424
-10.4761703424
-9.84101139215
-9.99421742376
-10.4761703424
-9.55163869249
-8.8548072042
-10.0119798764
-10.4761703424
-10.4761703424
-10.4761703424
-9.52718175497
-9.52718175497
-8.05341130272
-9.15824725805
-10.4761703424
-8.35932987915
-9.04015767333
-9.90078593944
-9.29656986042
-10.4761703424
-10.4761703424
-9.63363204777
-8.44838179017
-9.46145250689
-9.81022637443
-8.40335491082
-9.19539521142
-9.581341299
-9.20698800752
-9.63771716404
-9.2589588569
-10.4761703424
-10.4761703424
-10.4761703424
-10.4761703424
-8.93389681121
-9.66221883525
-9.63771716404
-10.4761703424
-9.30475434059
-8.22205766939
-9.53518213776
-10.4761703424
-8.03631641826
-9.1933369029
-10.4761703424
-9.56371161047
-8.63376840078
-10.4761703424
-10.4761703424
-9.62048725011
-9.28716680605
-9.38912296098
-9.38912296098
-8.28065201285
-8.05501148654
-9.9276585714
-10.101717414
-9.89921881088
-10.4761703424
-10.0473964962
-9.62314983787
-9.51423785078
-8.21194306909
-9.3447463261
-10.4761703424
-8.18008936747
-8.56939284919
-9.63587637711
-7.71863663679
-8.48555671206
-9.20695533634
-9.90928094709
-8.82829679172
-9.42242178918
-9.67692474385
-8.73041692723
-8.68757863508
-9.62759405966
-9.62759405966
-10.4761703424
-10.4761703424
-8.11796629493
-9.90847426385
-8.78317978849
-9.9651247816
-10.4761703424
-8.75424448992
-8.65182919517
-7.73239758954
-10.4761703424
-9.23726887762
-10.4761703424
-10.4761703424
-8.89802443304
-9.13614292985
-9.90559391039
-10.4761703424
-10.4761703424
-9.18711486557
-10.195938395
-10.4761703424
-9.81954185282
-8.9898011586
-9.30829499551
-10.4761703424
-7.48279417694
-9.53102444513
-8.34749944006
-9.76454289191
-8.87755752889
-9.27487715792
-10.1054913045
-9.72967322529
-8.59424689134
-8.92295906672
-9.06860175827
-9.20625177086
-9.76553281187
-10.4761703424
-8.69146788906
-9.0697020824
-10.4761703424
-8.15453630178
-9.64664016694
-7.2776837722
-9.04950453641
-9.64211425072
-8.87289771936
-9.46694092684
-9.86284788124
-9.05746145499
-9.65394807302
-10.4761703424
-8.7133065106
-9.57946259639
-9.61430788533
-8.82984275057
-10.4761703424
-8.79018353542
-8.57741886636
-9.28623972228
-9.56451501614
-10.4761703424
-10.4761703424
-9.21287288401
-8.85227109827
-9.81561527194
-9.33430830511
-9.46994434826
-9.7965705064
-9.42272983593
-9.13721502099
-9.5838367574
-9.5838367574
-9.00742610499
-10.4761703424
-10.4761703424
-8.90121688391
-8.94943252227
-8.93544572616
-9.32889253082
-7.62154589399
-9.55316031026
-9.41029223947
-10.0735345669
-9.172749184
-9.19330143697
-9.12713279049
-6.37550494923
-9.94603767652
-7.36811665884
-7.81648752435
-9.00192821796
-9.53131436243
-9.36999293829
-7.97232369387
-7.20788552674
-8.93484399609
-8.71066445815
-10.4761703424
-10.4761703424
-10.4761703424
-10.4761703424
-5.39394021241
-7.29378366834
-6.43947307081
-9.46277854657
-6.92654209537
-6.97165986452
-6.80235888081
-7.53762062724
-6.67947715937
-6.4373181749
-7.29521887001
-7.39719776464
-9.33232514364
-9.00623953813
-9.13682126968
-9.60473045524
-9.60473045524
-9.61039902362
-6.53430655411
-10.0679457478
-10.4761703424
-9.62148648611
-10.2010824928
-10.4761703424
-10.4761703424
-10.4761703424
-9.96306140549
-10.4761703424
-10.4761703424
-10.4761703424
-9.98944211099
-10.4761703424
-10.4761703424
-10.4761703424
-10.4761703424
-10.4761703424
-10.4761703424
-10.4761703424
-10.4761703424
-8.90576315085
-9.50938573257
-9.86704375271
-10.4761703424
-10.4761703424
-10.4761703424
-10.4761703424
-9.07631594782
-10.4761703424
-9.447835407
-8.82022532822
-8.35098184931
-8.80896075608
-8.4299772899
-9.42937602211
-9.42937602211
-9.13367304858
-9.629188032
-9.66221695918
-8.32566607719
-8.71219069656
-10.4761703424
-8.92942101069
-9.54702533613
-10.4761703424
-10.4761703424
-9.22408521766
-7.31280484922
-10.4761703424
-10.4761703424
-9.35469288738
-10.4761703424
-10.4761703424
-9.83529448338
-9.5692525005
-6.30252632601
-7.17984627249
-7.17573256686
-9.14268977049
-7.96335237843
-8.3843710498
-7.93503957087
-9.13779505769
-7.79560971485
-9.42566338064
-9.68119830607
-9.51337215219
-9.51692942482
-8.85814990274
-9.13467314658
-9.22664785463
-9.43938341289
-9.56731880645
-10.4761703424
-10.1591747481
-10.4761703424
-10.4761703424
-10.4761703424
-9.48375320664
-10.0104275435
-9.08766505876
-8.70107627796
-8.9121662533
-9.46850569
-9.46850569
-8.70550091238
-10.4761703424
-8.61120251673
-8.42886104789
-8.8063005064
-8.74359134932
-10.0901611051
-7.51424270344
-9.16441074551
-8.45050023208
-9.54120081398
-9.24873799968
-9.17089436249
-9.17089436249
-9.70826271121
-9.92987844451
-8.882820685
-9.31046742282
-8.56263808532
-8.71134770014
-10.0216169741
-9.75745340679
-9.65937928211
-8.94856946832
-10.4761703424
-10.4761703424
-8.17445246633
-8.68021839716
-10.4761703424
-7.82772312403
-8.37124143832
-10.4761703424
-10.4761703424
-9.9874795887
-10.4761703424
-10.4761703424
-8.82592923015
-8.92142389372
-9.25820012969
-10.4761703424
-8.25119103559
-10.0013946751
-9.35085007214
-9.35085007214
-8.9727384111
-9.47835102605
-8.87770281581
-8.98493428042
-7.87634739568
-10.4761703424
-9.23824690151
-10.4761703424
-9.3826241941
-10.4761703424
-10.4761703424
-8.9669233783
-7.47953042906
-10.0212511021
-10.4761703424
-9.0977235429
-10.4761703424
-9.72695112635
-10.4761703424
-9.96085293716
-10.4761703424
-9.94187211692
-9.677745448
-10.4761703424
-8.6646346778
-9.0236001198
-9.10279916017
-10.4761703424
-8.8255774147
-9.55831028991
-8.07767872863
-8.86204440699
-8.4081662538
-8.75497468541
-9.50388352929
-9.41623114174
-9.85520047662
-10.4761703424
-10.4761703424
-9.01470329979
-8.80201075076
-9.81563801891
-7.97067368936
-9.20320906263
-7.74855949402
-9.25002340548
-9.41405716931
-9.6928699266
-9.36714482302
-9.72408716444
-10.4761703424
-8.91427550235
-8.91427550235
-10.0539639562
-9.95436346505
-9.56026628941
-8.21619283357
-10.4761703424
-10.4761703424
-8.70556320098
-8.04429631483
-10.4761703424
-10.4761703424
-10.4761703424
-10.4761703424
-10.4761703424
-10.4761703424
-10.4761703424
-8.23008901228
-9.32379810039
-9.7965705064
-9.7965705064
-9.96113687213
-9.65706648476
-8.8761755455
-8.49579109198
-9.40688386268
-10.4761703424
-9.32664608041
-10.4761703424
-9.48381643291
-10.4761703424
-9.29023721591
-10.4761703424
-8.97095614988
-10.4761703424
-7.05431211287
-9.39271850148
-9.08526353777
-9.50247445095
-9.38937926974
-9.26068766318
-10.4761703424
-8.56936918911
-9.69002135738
-9.75343598002
-10.4761703424
-10.4761703424
-9.50596619922
-9.90036074799
-9.22831319263
-10.4761703424
-8.65614175401
-9.43547012334
-9.86213639847
-9.67376826153
-10.4761703424
-10.4761703424
-10.4761703424
-7.66225533482
-9.58998325389
-8.42901345729
-9.76485114595
-10.4761703424
-10.4761703424
-9.01531711066
-9.23958060149
-8.72083491968
-9.08292141991
-10.4761703424
-10.4761703424
-10.0083746409
-9.09564452548
-10.002844052
-9.06987880782
-9.81561527194
-9.55665147958
-10.4761703424
-9.11006612091
-9.63771716404
-9.23004961145
-10.4761703424
-9.2399602036
-8.76858263047
-10.4761703424
-10.4761703424
-9.1892369845
-10.4761703424
-10.4761703424
-9.1727750352
-9.2962167208
-7.86387587755
-9.7965705064
-9.36022349509
-6.16157697914
-8.70425428323
-6.67352209986
-9.23064250681
-9.43318676505
-9.47985042888
-7.60235254917
-8.82030234159
-9.5838367574
-9.5838367574
-9.25174117195
-9.7965705064
-9.7965705064
-8.93371203075
-10.4761703424
-7.09624924481
-9.04018792867
-9.17177966795
-9.531937108
-9.11188505475
-9.6248439075
-9.96886830231
-9.60878261494
-8.77759891879
-10.4761703424
-10.4761703424
-8.87769531896
-9.25365970003
-8.59250588888
-9.29638552186
-9.74439580521
-10.4761703424
-9.27225530548
-9.45231198996
-9.68735131523
-9.52338075558
-10.4761703424
-10.0094930066
-10.4761703424
-8.27890978655
-9.60437874074
-10.4761703424
-10.4761703424
-9.40943303749
-9.55028796566
-7.86569160477
-9.41078410443
-9.26895666542
-10.4761703424
-9.9539914619
-10.4761703424
-9.62759405966
-9.62759405966
-10.0126704855
-10.4761703424
-8.38659292269
-9.23506910316
-10.4761703424
-9.03810524375
-10.4761703424
-10.4761703424
-10.4761703424
-9.05569030298
-9.60775744851
-7.46227346871
-9.24858318984
-9.97762350789
-8.98681037727
-9.26901136998
-9.37081682587
-9.36507926768
-8.86438203354
-8.12817229994
-9.02057605613
-9.41455020728
-10.4761703424
-10.4761703424
-9.61791990072
-8.52725645989
-8.25594590707
-10.4761703424
-10.4761703424
-9.59412217136
-10.4761703424
-10.4761703424
-10.4761703424
-10.4761703424
-9.08565297803
-9.39106617394
-8.95714772823
-9.34701552654
-10.013429499
-9.32076953427
-9.40648068336
-9.81898451428
-9.28869286474
-9.28869286474
-9.59491679806
-9.25863787939
-8.02323259437
-10.1538241312
-9.82451996061
-9.27135512334
-9.86997692391
-9.78444826743
-8.24708027307
-8.29333350213
-9.13886263809
-10.4761703424
-10.4761703424
-9.21699628083
-9.48361647103
-7.8750322901
-9.13863155735
-9.57282241911
-10.4761703424
-8.47654827359
-8.7773862869
-9.22096611785
-9.17650082328
-9.17434243274
-9.25675741291
-9.77470051675
-10.4761703424
-10.4761703424
-10.4761703424
-9.66854786852
-10.4761703424
-10.4761703424
-10.4761703424
-10.4761703424
-8.62403086907
-8.1935884733
-9.59209283525
-9.30656034148
-9.74583658417
-8.9413454365
-8.27465200981
-9.69636498075
-8.66918061705
-8.66918061705
-9.07957555018
-9.7638793574
-7.76822847012
-9.24617694035
-9.26717846615
-9.34457759706
-8.63635194492
-9.17331376757
-10.1049779192
-9.58607412604
-5.11215042112
-6.4674704946
-6.64775947281
-8.96550183329
-6.33620806788
-6.81711438598
-8.06326003715
-6.65537102859
-7.99432403825
-8.2837518252
-10.4761703424
-7.83774674412
-9.37390227869
-5.94118392286
-8.31249037875
-7.92559630865
-6.7208076643
-8.69348468044
-8.75494211934
-8.75643491797
-9.09277584705
-6.65572252741
-6.54436421667
-10.4761703424
-9.89145668551
-9.08954313321
-10.4761703424
-9.6057138559
-8.05451673186
-10.4761703424
-10.4761703424
-9.34019799137
-9.80008228329
-10.4761703424
-9.28919719949
-9.72819306952
-9.71138786861
-8.53017132937
-10.4761703424
-10.4761703424
-10.4761703424
-5.2349964778
-8.76706909265
-6.90748943279
-7.927857111
-7.78701658716
-7.84955256491
-7.90176124793
-7.0256641388
-6.47671882546
-9.6798882764
-5.50956121934
-8.24259511114
-8.86433853984
-8.71190410777
-8.6970165051
-9.98013434864
-8.9900559275
-9.35405287302
-9.57934037224
-9.47835102605
-9.47835102605
-9.94167735286
-10.4761703424
-10.4761703424
-10.4761703424
-8.52020631857
-8.86996598322
-9.39323952111
-10.4761703424
-10.4761703424
-10.4761703424
-8.89771961434
-10.4761703424
-10.1276890667
-10.4761703424
-9.13326278342
-9.56095403989
-10.1577115798
-9.4227560454
-10.4761703424
-10.4761703424
-8.59961794871
-9.94849862101
-8.54463956008
-8.84081598267
-8.76029357902
-9.56131903175
-9.82817346658
-9.72454651535
-10.4761703424
-10.4761703424
-10.4761703424
-9.10894384342
-9.94907901746
-9.57393738747
-9.48776302324
-9.24105763927
-8.67226192534
-8.93882814583
-9.41842169102
-9.14710290861
-9.29247989908
-10.0261920628
-9.91565909067
-10.4761703424
-8.98246790904
-6.89744923938
-9.2033071967
-9.72084329597
-9.00183035008
-10.4761703424
-8.60055509587
-10.4761703424
-9.41307263171
-9.38433285242
-7.67205573915
-9.43249021501
-9.60775744851
-8.28731311509
-8.69781476561
-9.83714829711
-9.53369564313
-9.5516632658
-9.67881752326
-9.35370303016
-9.6275497907
-10.0534059607
-10.0887122967
-8.16745246001
-9.9221882911
-9.3422524778
-9.53894961457
-8.32537689806
-9.4844323093
-9.58831455458
-9.19685220559
-10.4761703424
-10.0289963605
-10.4761703424
-8.97556958042
-9.7965705064
-9.5463166469
-9.69880877654
-8.88963088128
-9.20498619304
-10.4761703424
-9.79298524464
-9.46929938638
-8.90984212615
-9.09624982861
-10.0786635626
-10.4761703424
-9.88225771063
-10.4761703424
-10.4761703424
-9.5512318228
-10.4761703424
-10.4761703424
-10.4761703424
-9.5257801273
-9.81561527194
-9.94878493294
-8.25027128038
-9.52711144784
-9.01115549879
-9.22846609839
-10.4761703424
-9.44035072418
-9.7965705064
-9.52371274338
-10.0187483388
-8.53360481826
-8.66918061705
-9.57783586895
-9.66138247332
-9.90725857226
-9.10596953971
-8.32649144402
-9.24911410545
-9.63571774297
-9.8055476252
-10.4761703424
-9.45780720488
-9.54102102984
-9.64947619532
-10.1023158472
-8.81805316557
-10.0554134902
-9.04638679724
-9.85765756994
-10.4761703424
-9.4502337571
-9.16894879684
-9.21740250166
-8.6421918819
-10.4761703424
-8.45392864038
-10.0577143253
-8.26576787009
-9.23906948063
-9.66104506462
-9.75206544215
-8.82542060618
-8.15217457897
-9.38927970554
-10.4761703424
-8.34838469035
-9.20888161091
-9.02529382804
-9.81311243496
-9.78731769405
-9.37899906423
-9.91178927698
-9.25264182866
-8.51117138333
-9.25337633207
-9.77125999917
-9.5567053922
-9.68110056827
-9.46325248442
-9.99491858081
-10.4761703424
-7.96620135842
-9.90218363839
-9.95113838084
-9.39529514496
-10.4761703424
-10.4761703424
-10.4761703424
-9.73463320181
-9.91383286639
-9.02148944779
-8.18953683823
-9.40837644155
-8.97508875787
-9.66798814257
-7.2480419781
-9.56385600932
-9.16410979794
-8.41877244798
-9.60939072786
-9.67795635901
-10.4761703424
-10.0577143253
-8.86688971842
-8.3081430954
-10.4761703424
-9.9143920225
-9.56751285115
-9.92019380524
-10.4761703424
-8.54887750375
-9.47213582574
-10.0545928472
-10.0484293034
-8.5554143395
-9.63974952434
-9.41362714227
-9.60550518286
-10.0474892622
-9.41993677646
-10.0353452739
-9.70121049143
-9.26837802335
-10.4761703424
-6.82925794519
-7.74192256883
-7.5463010608
-9.62609245972
-10.4761703424
-9.92586717844
-6.99927463542
-8.25296833338
-7.69859086932
-9.23064250681
-8.19885725151
-9.14721331828
-10.4761703424
-9.63771716404
-9.63771716404
-10.4761703424
-10.4761703424
-8.91487830859
-9.10538878949
-9.12311661653
-9.5838367574
-9.835461601
-9.06383137684
-9.41631062947
-8.92483946789
-9.96491528223
-9.24638516276
-9.7965705064
-9.50268547923
-8.48890810525
-10.4761703424
-9.47835102605
-9.47835102605
-10.0275599292
-10.4761703424
-9.93007219141
-8.94853091432
-10.4761703424
-7.85950981617
-8.77178895494
-9.25702227466
-10.4761703424
-8.11196489908
-9.13285287882
-9.97939254169
-8.62464547615
-9.50297029351
-9.60912407461
-9.18112006021
-9.21548802731
-9.05331932824
-9.56414850256
-9.63854865476
-10.4761703424
-8.55066682527
-9.63771716404
-9.67412395615
-10.0931627495
-8.68662079709
-9.32976219737
-9.42715663521
-8.46334384881
-10.4761703424
-9.54460604992
-9.80227359049
-8.71475893271
-9.40499167043
-9.56307456186
-8.71447363762
-8.99105793997
-9.14629539923
-9.03599526849
-9.34212782278
-9.30176236164
-9.36557431589
-8.96092575123
-9.42473765512
-9.43015606568
-10.0555772241
-9.97598387932
-5.24435302728
-8.0711776192
-6.6575934677
-6.97611965213
-7.34552477505
-6.95943633734
-7.23239447649
-6.68740115322
-5.79790564375
-8.73008333865
-7.75501050356
-9.76035289296
-9.0059226193
-8.4056658356
-7.86530676181
-8.48422153842
-10.4761703424
-9.29483302367
-9.34364718241
-8.7743626258
-9.28896727534
-8.96697103668
-9.81561527194
-8.01327724778
-9.7509176212
-7.84328035334
-10.4761703424
-10.4761703424
-8.62464547615
-8.62464547615
-10.4761703424
-10.4761703424
-9.2718006692
-9.92992708279
-6.93434005542
-9.95622007026
-8.81484153832
-8.67229223292
-9.01734453092
-9.24325104605
-9.00940289822
-7.92024953079
-7.83044532829
-9.40024773776
-8.96838209328
-9.07489295886
-9.48837914155
-7.87381658476
-9.56414850256
-10.4761703424
-8.14224024847
-10.0069131423
-10.4761703424
-10.4761703424
-10.4761703424
-9.46474592729
-8.82243792442
-9.89847210864
-8.18691606932
-9.47497422298
-8.53276282127
-9.48900521309
-9.48900521309
-9.15306146755
-8.77096083299
-9.40219768418
-9.52990424788
-9.8151008927
-10.4761703424
-10.4761703424
-9.12829130645
-9.12829130645
-10.4761703424
-9.27419927153
-9.44553479282
-8.78743769165
-10.4761703424
-10.4761703424
-9.25251613214
-10.4761703424
-10.4761703424
-10.4761703424
-8.45538267422
-9.81561527194
-9.35085007214
-10.4761703424
-9.5793747215
-10.4761703424
-9.40798305677
-8.94455406554
-9.6847409968
-9.74145018952
-10.4761703424
-10.4761703424
-9.39299075805
-8.93325730217
-9.18701191009
-9.27729386523
-9.94032610837
-10.4761703424
-8.86611854115
-10.0155234508
-8.05035815386
-10.4761703424
-8.8388288237
-8.30471237658
-10.4761703424
-10.4761703424
-10.0995606576
-9.36723959153
-8.55549912208
-10.4761703424
-10.4761703424
-10.4761703424
-10.4761703424
-8.72198479577
-9.92987792233
-9.63405114354
-7.18903338902
-8.79014277987
-9.08478207008
-8.71774298448
-9.02996040745
-9.51487691158
-8.31369562785
-9.38991607427
-9.48758463131
-8.84651739523
-8.81122924922
-10.4761703424
-9.68206466868
-10.4761703424
-9.13529887897
-8.20602458205
-8.90439827753
-9.12916758038
-8.60007100024
-10.4761703424
-10.4761703424
-10.4761703424
-9.90647894531
-10.4761703424
-10.4761703424
-10.4761703424
-10.0057585242
-10.4761703424
-8.66086491146
-8.81788288178
-10.0076262291
-9.00499065631
-9.69150734382
-8.94616500898
-7.7546975521
-9.31564482372
-10.4761703424
-9.23622049727
-9.04634198743
-10.0761310846
-9.70697022425
-10.0549672104
-9.18766595518
-10.4761703424
-7.59692778512
-9.86816869904
-9.41923950286
-9.40688386268
-9.18404985827
-8.50414180091
-9.40747450938
-10.4761703424
-10.4761703424
-10.4761703424
-9.50312044574
-7.72711398761
-10.4761703424
-9.69805124108
-10.4761703424
-8.92099112691
-9.15513698592
-10.0191339559
-10.4761703424
-10.040665548
-9.56471633148
-9.92477856704
-9.41194990851
-8.04885342004
-9.60473045524
-9.4810157806
-9.07340382508
-10.4761703424
-9.59144368846
-9.71665751876
-9.73863326109
-10.4761703424
-10.4761703424
-10.4761703424
-9.03856667933
-9.95647942789
-9.10771622784
-7.33644209888
-9.20469664176
-10.4761703424
-10.4761703424
-10.4761703424
-9.62355396848
-10.4761703424
-8.70458061943
-10.4761703424
-9.62433379204
-8.32060491341
-9.91482698159
-9.58599416467
-10.0483493456
-9.03954115247
-9.14666944932
-9.34076207347
-10.4761703424
-10.0831254036
-10.4761703424
-5.4601368825
-6.92394304625
-5.99578695458
-10.4761703424
-7.0826471754
-7.99190321681
-9.1000220435
-9.42860088351
-7.21776443877
-8.69813747512
-8.21781673096
-7.7000343396
-7.63293455471
-7.47035170578
-7.57623133916
-9.28019611956
-9.33876897428
-8.30870387004
-8.95960350671
-9.95521992166
-8.18611748072
-10.4761703424
-10.4761703424
-10.4761703424
-10.4761703424
-10.4761703424
-9.11405803432
-9.45115879011
-10.4761703424
-9.92075344842
-9.10305382779
-10.4761703424
-9.96705841995
-9.44793725323
-9.35773739611
-10.4761703424
-9.73141547859
-9.05820164213
-9.45677242926
-9.61101360313
-9.49243232578
-9.49243232578
-8.91428207051
-10.1470406317
-9.52471173119
-8.56861174824
-10.4761703424
-10.4761703424
-10.4761703424
-10.4761703424
-10.4761703424
-10.4761703424
-9.81561527194
-10.4761703424
-9.89686268725
-10.4761703424
-10.4761703424
-9.37470189751
-8.51764952328
-10.4761703424
-8.65235878112
-9.35405287302
-9.29780078558
-9.29815079844
-8.75374965842
-9.34531989841
-8.09580575888
-10.4761703424
-10.2063117826
-9.79284459855
-8.98135888714
-9.27749541187
-9.71270660284
-10.4761703424
-10.4761703424
-9.43584052214
-8.9316155801
-9.64289458235
-9.55238161561
-9.83814159327
-9.30889172198
-9.89818583402
-8.68987934014
-9.57800192654
-9.42180045799
-7.96353341993
-10.4761703424
-10.4761703424
-10.4761703424
-10.4761703424
-10.4761703424
-9.64511769769
-10.4761703424
-8.49584306458
-9.26500331475
-9.3870871097
-8.71172844845
-10.4761703424
-10.4761703424
-10.013695765
-10.4761703424
-10.4761703424
-9.966615827
-10.4761703424
-10.4761703424
-10.4761703424
-9.91433028161
-10.4761703424
-9.27988835201
-9.29969980475
-10.0253144698
-9.75661791502
-8.08560364214
-8.82039266798
-8.84406001099
-9.00046206316
-10.4761703424
-10.4761703424
-8.54380975194
-9.46027223488
-10.4761703424
-6.96673539364
-9.3949847932
-10.4761703424
-8.94252844827
-9.43042690608
-9.49306074866
-10.4761703424
-9.31455654711
-10.4761703424
-7.98442150727
-7.80214667588
-9.57840701145
-8.66275106765
-9.33342430996
-9.35264443514
-8.74460618149
-8.20389418717
-8.84641064311
-9.37201511869
-9.9281405375
-10.0048428903
-10.4761703424
-8.37043472409
-9.90362655055
-10.4761703424
-10.4761703424
-10.4761703424
-10.4761703424
-10.4761703424
-10.4761703424
-10.4761703424
-10.4761703424
-10.4761703424
-10.4761703424
-10.4761703424
-8.64152922505
-9.39106617394
-10.4761703424
-10.4761703424
-9.30794929102
-10.4761703424
-8.99713151562
-9.02921339298
-9.02003364384
-9.42222850617
-9.42222850617
-10.4761703424
-9.2909172888
-9.25955370422
-8.62780537179
-8.63557912495
-9.453831446
-10.4761703424
-9.66389529226
-8.59585169478
-9.36756044745
-9.3934521965
-9.3695919833
-8.31787693332
-9.56812769113
-10.0042546528
-10.0311053524
-10.0935584709
-10.4761703424
-8.01981545793
-9.54120726085
-8.74461794911
-8.67669815003
-9.24042365332
-8.83517514398
-9.5308268331
-9.76288101853
-10.4761703424
-9.65499143666
-7.42041984719
-10.4761703424
-9.24649746384
-9.23991905507
-9.35297676955
-8.80998250625
-8.64191244972
-7.27507708201
-8.96274016094
-9.25594980666
-9.85010891326
-10.4761703424
-9.18873707824
-8.927386755
-8.96746998
-8.76759211898
-9.23531431203
-10.4761703424
-9.37670559358
-9.5476948516
-9.3221509905
-8.74832872275
-9.77765200954
-8.13558542586
-8.13558542586
-10.4761703424
-9.18817102565
-9.37733471876
-10.4761703424
-10.4761703424
-8.36460812703
-9.4595495764
-10.4761703424
-10.4761703424
-10.4761703424
-7.98035869843
-10.4761703424
-10.043113916
-9.42377219862
-9.63771716404
-9.30114803165
-9.328147542
-9.45689390008
-8.12420719039
-8.74517075563
-9.60473045524
-8.8123633665
-9.33346851127
-9.26639919392
-9.37542823024
-9.37542823024
-9.45221458463
-10.4761703424
-9.14129767219
-10.4761703424
-7.90797955294
-9.34264873534
-8.79283209846
-9.72015545241
-10.4761703424
-8.94876022536
-9.3914054124
-9.51608392729
-9.01048209708
-9.02547270228
-8.82932942035
-9.64869960524
-9.3123220044
-9.09318619162
-8.95038397983
-9.62236604178
-8.55335529491
-9.47271190077
-9.20719880106
-9.16267402951
-9.37008353309
-8.66635478531
-8.9541194222
-8.79592634627
-9.23668027364
-10.4761703424
-10.4761703424
-8.99879856762
-9.57165671662
-9.64226487973
-8.68892354333
-9.31478683295
-10.4761703424
-9.70387738155
-10.4761703424
-9.02542091373
-10.4761703424
-10.4761703424
-9.77229890209
-10.4761703424
-7.9418565449
-9.67468943308
-10.4761703424
-9.32325801656
-10.4761703424
-9.31569546827
-9.30178097718
-9.87949008168
-9.44681395818
-10.4761703424
-10.4761703424
-8.95465241545
-8.52524575912
-9.32789250877
-10.4761703424
-9.25991292152
-10.4761703424
-9.71250125662
-9.42920918399
-9.91486168589
-7.91309738067
-9.00559247335
-9.90688812944
-9.75999192096
-9.3122309232
-9.52693608833
-10.4761703424
-8.91810141419
-10.4761703424
-8.87473682016
-10.4761703424
-9.6186809644
-8.89246174322
-8.8519483606
-9.00554937218
-8.91169747282
-8.31373101282
-8.54158059302
-9.35545483237
-7.67647959296
-8.67040598955
-9.90671904398
-10.4761703424
-9.36327179351
-9.89585629809
-10.4761703424
-9.26441634839
-8.0751863007
-9.05290691166
-9.40943303749
-9.73246507725
-10.0911819158
-8.94421545581
-9.25383130805
-9.83167908782
-9.65574241757
-10.4761703424
-10.4761703424
-9.11732358423
-9.27998049839
-8.53083049715
-9.46694092684
-10.4761703424
-9.56987531734
-9.30072809581
-8.63628198969
-9.51725834805
-7.85270765194
-9.80854992661
-9.85188493207
-9.05363490023
-9.22465174279
-8.16005723084
-9.17721743205
-9.07336665229
-8.94093511023
-9.76020178488
-9.24575762587
-9.03865320093
-7.32230712285
-9.58446342186
-7.49698839007
-9.64149811588
-10.0393422949
-10.4761703424
-8.65474877307
-8.74920212973
-9.13111874835
-9.87048826241
-9.25788719563
-9.05959856471
-9.29913256174
-9.39838298098
-9.52683154149
-8.82538568234
-8.29841121247
-8.432252172
-9.67534325949
-10.4761703424
-6.47077323051
-9.27341977014
-9.42937602211
-10.4761703424
-10.0225482075
-9.40151280609
-10.4761703424
-10.4761703424
-8.79337144071
-9.99103245985
-8.96644803883
-10.0284356518
-8.87769531896
-9.4847201677
-9.6549499201
-7.69434175805
-9.19996096101
-9.4095178446
-9.34496566166
-9.20158914415
-8.36267312607
-10.1403151701
-8.1146054106
-10.4761703424
-10.4761703424
-8.3036763055
-10.4761703424
-10.4761703424
-8.97888026478
-10.0589978222
-8.46561395322
-10.4761703424
-9.30247576756
-10.0280628527
-9.53429813732
-9.27722021668
-9.27722021668
-9.97601605439
-9.74323940867
-9.49550811742
-10.0317130948
-9.57126057706
-9.13350137211
-9.5444772413
-8.85932886107
-9.37013753347
-10.0603072625
-7.27395446768
-9.06208849543
-9.41361280888
-9.37669802265
-9.37669802265
-9.40912003368
-8.95690810149
-8.48347767571
-8.88781215268
-9.16084659186
-9.29170739211
-8.949066093
-10.4761703424
-8.91511942343
-9.96542634123
-8.56779691386
-9.5838367574
-9.5838367574
-9.5838367574
-8.95563391779
-8.77622977083
-9.17738908232
-6.979605306
-9.80099053627
-10.4761703424
-10.4761703424
-10.4761703424
-9.0908291058
-9.14887970905
-10.4761703424
-8.07054167499
-7.7547340563
-10.082701599
-9.95005004084
-9.91418730405
-9.7198054633
-9.14794689289
-9.53678731971
-8.63141365419
-9.74235286958
-10.4761703424
-9.34944287527
-9.32344474065
-9.47186745798
-10.4761703424
-9.49577717131
-8.03981225828
-9.44122257521
-9.12989798497
-7.8809971008
-9.17865030143
-10.1862533157
-8.58165612155
-8.97448807172
-9.6474400785
-9.58657133204
-9.30989305469
-9.27992550965
-9.98281882759
-9.90454505931
-9.12917567241
-10.4761703424
-10.4761703424
-10.4761703424
-10.1882820816
-8.9431387532
-9.29156318698
-9.16195719172
-10.4761703424
-9.1037257019
-10.4761703424
-9.5838367574
-9.5838367574
-9.59855467495
-10.4761703424
-7.03144112087
-9.01651434197
-9.19389812885
-9.56082846962
-9.03143034934
-8.69026623123
-9.86513731374
-9.81561527194
-10.4761703424
-9.73263282489
-9.66798814257
-9.26721172584
-10.4761703424
-7.72100570343
-9.50291160958
-7.86582339039
-8.88096701616
-8.36066966392
-8.03343327913
-9.15365211234
-10.4761703424
-9.91162326114
-9.08529905763
-10.4761703424
-9.44764448877
-9.28025119388
-9.24048778866
-9.99460127903
-8.27051815093
-9.60641257868
-10.4761703424
-8.78414484024
-9.28675998325
-7.88949237118
-8.84525066604
-9.1322745712
-8.61287208867
-8.61287208867
-8.85604317701
-9.69391666217
-9.74219283125
-10.4761703424
-10.4761703424
-9.53275087062
-7.34236480113
-9.63125628294
-8.57520462494
-9.09891338547
-9.34806351354
-9.81561527194
-9.84335917433
-10.4761703424
-9.760525756
-8.02785117466
-10.4761703424
-8.36781888897
-8.70917255955
-10.4761703424
-9.92047897919
-7.86863117606
-10.2443370117
-9.55673254362
-9.58984944491
-8.34249057543
-5.6597662541
-8.03112456438
-6.97437666679
-6.85078421707
-6.46716970067
-8.11833729498
-8.30550549309
-7.77463806266
-10.4761703424
-10.4761703424
-8.95364367748
-8.90047397044
-8.61595887978
-8.21201345681
-9.82240875692
-7.00032133911
-9.26317429645
-9.62863620324
-8.80742678645
-9.11371687229
-8.87916294438
-8.98766008947
-9.65525146328
-9.45370895431
-9.3593324349
-8.11500390417
-10.4761703424
-7.63208759572
-10.0694768018
-10.4761703424
-9.84055432778
-10.4761703424
-10.4761703424
-9.53809997535
-9.15076302207
-9.18230365004
-9.34511853066
-9.47644391044
-9.47644391044
-8.30472863824
-8.01590388327
-9.92547676117
-9.70488167934
-7.14653696723
-9.68338437656
-9.67451469213
-9.84471649894
-9.36287455395
-8.46248755247
-9.77431286866
-9.81159820128
-9.63551565827
-8.94371326921
-9.17269742194
-9.77154563396
-10.4761703424
-9.23922398461
-9.23922398461
-9.44965833788
-10.4761703424
-10.0540596774
-9.51418715338
-8.02849147421
-9.94295928305
-9.49006951546
-7.91960355779
-9.43665891766
-9.38931400612
-9.41971456468
-10.4761703424
-9.29034110112
-9.33974614901
-8.84700914317
-9.48928824769
-8.3563420024
-10.0157381382
-8.13369740583
-7.99534459864
-10.4761703424
-9.19608894017
-9.49049542556
-9.39106617394
-9.39106617394
-6.75970881673
-9.60473045524
-9.40178531538
-9.36727456068
-8.87769531896
-10.4761703424
-10.4761703424
-9.44122257521
-9.71283452654
-9.21969038846
-9.89504468739
-8.92744426299
-8.93998208031
-9.02482899835
-7.37677596432
-9.59461827483
-9.46257448536
-9.3717078321
-10.0393417041
-10.4761703424
-7.50207869603
-9.30794384351
-10.4761703424
-8.91232668551
-9.28816989915
-10.4761703424
-9.21240447444
-9.46926877227
-9.40615770185
-9.00017319601
-10.4761703424
-10.4761703424
-10.4761703424
-9.18213115334
-9.03010943679
-9.27458525628
-9.58681346789
-9.37817032045
-10.0207301574
-10.0444140562
-8.29248061573
-9.70810679009
-8.80837012998
-9.30124239851
-9.83543661632
-10.4761703424
-9.01733865492
-10.4761703424
-9.55711829488
-9.17055861983
-10.4761703424
-10.4761703424
-10.4761703424
-9.01189825522
-9.50054862865
-10.4761703424
-10.4761703424
-10.4761703424
-10.4761703424
-9.6603207808
-9.3577150266
-8.23666614576
-9.22935938503
-9.41508078782
-9.40961913245
-10.4761703424
-10.4761703424
-8.61661771028
-8.66037622589
-9.85770065703
-9.1595236361
-9.15656189611
-8.95805453959
-10.4761703424
-9.99686143553
-7.72025089336
-9.56843719006
-8.39639115936
-8.71052817187
-9.32720919112
-9.46867015791
-9.43544151447
-9.12308966774
-9.03544634483
-9.92357508957
-7.75159259445
-8.15616378622
-8.77341100441
-9.32413069437
-8.3983044445
-9.97166125701
-10.4761703424
-9.36999888743
-9.03470354002
-10.4761703424
-10.4761703424
-7.92368706993
-8.96575625316
-7.95019462724
-9.40541652218
-9.66445704462
-8.81092003659
-8.9066989365
-10.4761703424
-7.49698839007
-8.97624344709
-9.1610836438
-9.47073406754
-9.13140500733
-9.30543643644
-10.4761703424
-9.41136165824
-9.99885697392
-10.4761703424
-9.76109288353
-8.85366640522
-9.51103026847
-9.23668837513
-9.78117412307
-9.25100070485
-8.28672138318
-9.60473045524
-9.66798814257
-8.9376031357
-9.24786217984
-9.51692616688
-9.35020619784
-8.80102463913
-7.96618068598
-9.3922969801
-5.42942165069
-8.67860109995
-9.21896361696
-9.46389540251
-9.21007639026
-6.39443272517
-6.2328692493
-8.92914620146
-9.59806820966
-9.3383614095
-9.79850339267
-9.26563435196
-10.4761703424
-9.44277758571
-8.75240331213
-5.24814381592
-8.39639115936
-8.66918061705
-9.22278999456
-9.23506910316
-9.14102156962
-9.89601635528
-9.63231937999
-9.19775495389
-9.50078200577
-10.4761703424
-9.52942370619
-10.4761703424
-10.4761703424
-10.4761703424
-10.4761703424
-9.08058367722
-9.09604901785
-9.13938478748
-9.32819263301
-10.4761703424
-9.20964335891
-9.06332626762
-10.4761703424
-9.59144500745
-9.37127136034
-9.14515080513
-10.4761703424
-10.4761703424
-10.4761703424
-9.13900191932
-9.06163267513
-9.4876367544
-10.4761703424
-10.4761703424
-9.35195421803
-9.96920655755
-9.14625194797
-8.68518889669
-8.93692431882
-8.78574010118
-10.4761703424
-8.86362579106
-9.82892101912
-10.4761703424
-9.76592978457
-10.4761703424
-9.4588511931
-5.97486437323
-6.06941437805
-9.65627688277
-8.84092260001
-9.59466250007
-9.76053512441
-10.4761703424
-9.60254866798
-9.03907886256
-9.68642921201
-10.0251818419
-8.80167530921
-9.80259794522
-9.08202523102
-8.66794318796
-8.89856721468
-9.84713506703
-9.40771787814
-9.22190671497
-9.90781031887
-9.36433007148
-8.54552773064
-10.4761703424
-9.57787283396
-9.53078614599
-9.68847656934
-9.18341514836
-10.4761703424
-9.87756421713
-10.4761703424
-9.5071900534
-8.81934582866
-10.000795115
-9.80411239592
-9.82240875692
-9.5011897042
-9.9493181679
-9.22994594306
-10.4761703424
-10.4761703424
-10.4761703424
-8.18485256957
-9.86287248692
-9.02148944779
-9.05646737545
-9.06856476093
-9.79560672815
-9.60805844676
-9.4958049261
-9.54334470873
-10.4761703424
-10.4761703424
-9.43100709099
-9.50776256199
-9.09593832702
-10.4761703424
-8.87769531896
-8.3459540038
-10.4761703424
-9.13709993072
-9.44905944674
-10.4761703424
-9.77796815162
-9.38072370876
-10.4761703424
-9.78790029901
-9.71739468398
-9.80054331192
-8.88321478065
-10.4761703424
-10.4761703424
-9.89302874826
-9.19909501483
-10.4761703424
-9.19695136673
-8.74403292745
-10.4761703424
-9.71770871398
-7.68481034188
-10.4761703424
-9.92498656094
-9.30844579506
-9.68578577471
-10.4761703424
-9.71431932419
-9.59047213748
-5.30642688796
-7.72849534555
-9.43956587042
-9.1862976133
-9.45284140339
-9.14047769889
-8.53629784173
-9.33298239745
-8.14786537346
-9.04806314669
-9.37527453189
-7.7989819472
-7.57216432479
-8.65473678162
-8.87972161396
-9.39797095378
-9.23182337162
-8.38045061788
-9.20692230976
-8.51303976513
-9.09332486578
-8.46319354819
-9.54083132342
-8.337646209
-9.10815865547
-9.23805162314
-9.77232785217
-6.29666707721
-8.90619644402
-9.11126490488
-9.80985874843
-7.65366526636
-7.45364480156
-9.23064250681
-8.75904677264
-9.29243474436
-9.15651291634
-9.73392299382
-9.7274788099
-10.4761703424
-10.4761703424
-9.12836506502
-9.31604106108
-10.4761703424
-10.4761703424
-10.4761703424
-10.4761703424
-10.4761703424
-9.73465045506
-7.53702560146
-8.24637222545
-9.47247185495
-9.7219425115
-10.4761703424
-10.4761703424
-10.4761703424
-10.4761703424
-10.4761703424
-10.0602564634
-9.54341224586
-9.16166851893
-9.38828355947
-9.62161097289
-9.37106345164
-9.46612634044
-9.2744031257
-8.4285321058
-8.94318616272
-10.4761703424
-9.68743643546
-9.7965705064
-10.1538241312
-10.4761703424
-9.01073218717
-10.4761703424
-9.33326984094
-9.62995735585
-9.78792887887
-8.87969816888
-10.0898954933
-8.1257221971
-10.0274872487
-10.4761703424
-8.90465928022
-9.85433243098
-9.35717842343
-9.73103800098
-8.75001169182
-9.72858841626
-10.4761703424
-8.45372291311
-9.49243232578
-8.59582158541
-10.0089261534
-9.31268379895
-8.00569868079
-9.41634977668
-10.4761703424
-10.4761703424
-10.4761703424
-8.65377392916
-8.9461952872
-9.5543663196
-10.4761703424
-10.4761703424
-8.5233283804
-8.61214889097
-9.03427086771
-10.4761703424
-10.4761703424
-9.85688038299
-9.1198389854
-9.64602641185
-8.86593295109
-9.13232550748
-9.36297722986
-10.4761703424
-9.82281261522
-9.02271158619
-8.95049676469
-9.00635232237
-10.4761703424
-9.95113606564
-9.21708139558
-9.19135406761
-9.46823821943
-10.4761703424
-8.41408025779
-9.17055654801
-10.4761703424
-9.92480173234
-9.45356892636
-7.74751734629
-9.93157358677
-9.72377924901
-7.74116346452
-9.28606291035
-10.4761703424
-9.0855908154
-10.4761703424
-10.4761703424
-9.9818898993
-8.95092150448
-9.4611949995
-8.35184109964
-9.4701627765
-10.4761703424
-9.46878870997
-9.62485658441
-7.35680675603
-9.27399978421
-9.86268208118
-10.4761703424
-9.4836413882
-9.65298865047
-9.46618477858
-9.86565894105
-9.44325360409
-9.31991319815
-10.4761703424
-10.4761703424
-8.87246301098
-9.09196721642
-8.66682681448
-9.06860175827
-9.06860175827
-9.37561717859
-8.94369724264
-9.46145250689
-9.35405287302
-9.93246593764
-10.4761703424
-7.81913367302
-8.70481183428
-9.26488113769
-9.41693865569
-9.38255955363
-9.57857348079
-9.41404096002
-9.14735314212
-9.49503791875
-9.0781583935
-10.4761703424
-9.72252905867
-8.63486075247
-9.63771716404
-10.4761703424
-8.59652197398
-8.46681801704
-9.73354347856
-8.4107711768
-8.64770226941
-9.45232910346
-9.27900834037
-10.4761703424
-10.4761703424
-10.4761703424
-9.2915703443
-6.99408818444
-10.4761703424
-8.13558542586
-9.20290804422
-9.22769947996
-9.62984541058
-8.97423986859
-9.95632122046
-7.77332903174
-9.33502483938
-10.1423446158
-9.01256441764
-10.4761703424
-9.93239097418
-9.37425907636
-9.26618210517
-9.21851742554
-7.48565833026
-9.50889334844
-9.60473045524
-9.44886278652
-10.2179477187
-9.87417404405
-8.83842382546
-8.15445821978
-9.18112006021
-8.82677560802
-9.68203949007
-7.4110404538
-9.22059163955
-8.61245283266
-9.81561527194
-10.4761703424
-10.4761703424
-9.78695075531
-7.84366374126
-10.4761703424
-10.4761703424
-8.15927590547
-9.02819997886
-10.4761703424
-9.50444255583
-8.6985039748
-9.06706820039
-9.5688523706
-10.0513020551
-8.10681606616
-8.89592993981
-8.94772316786
-8.30146925394
-6.72072161262
-9.46276364441
-9.41693865569
-9.39203416262
-9.12715849421
-9.41248960505
-9.27226416133
-9.21612481449
-8.74678171255
-6.71190039593
-9.3843663535
-9.38912296098
-8.94811086947
-9.1352915731
-9.60775744851
-8.38767967729
-10.4761703424
-10.4761703424
-9.28416149579
-9.76085796012
-9.93199205711
-9.09198653854
-10.4761703424
-10.4761703424
-8.6547915383
-9.31945462144
-8.35502019069
-9.32557070403
-9.32557070403
-9.90314129342
-10.0345473918
-9.62838453484
-10.4761703424
-8.21869745707
-9.52960277623
-9.39972615586
-10.4761703424
-9.47058753803
-9.47835102605
-9.79768461685
-8.97733811159
-9.51465440458
-6.44188003644
-9.76694686842
-8.90951722155
-9.81147234216
-9.37198586252
-8.75004020599
-10.0614432196
-9.62759405966
-9.55163869249
-8.89551538225
-8.79018370727
-9.49039569477
-8.62639755597
-9.21153571128
-10.4761703424
-9.09542440571
-10.4761703424
-10.0771780756
-9.44743479713
-10.4761703424
-9.7122177006
-9.36648342513
-9.98716946528
-9.41109194719
-9.65298865047
-9.37322403003
-10.0581243875
-10.4761703424
-10.4761703424
-10.4761703424
-10.4761703424
-9.54416120233
-8.02517088888
-9.42077496219
-9.18856899954
-9.35760374965
-9.30514793442
-10.4761703424
-7.34961570876
-9.05919675007
-9.58413755401
-9.50433253681
-7.05968806035
-7.71128755702
-8.53588775467
-10.0340481772
-8.95891826933
-9.48449919999
-8.08321439851
-10.4761703424
-10.0804897885
-10.4761703424
-9.38367643557
-9.2225740928
-8.57493016075
-9.7965705064
-9.29002935413
-8.99831245874
-9.39613682752
-9.32111480188
-9.47262272676
-7.65019550389
-10.4761703424
-9.38462148598
-9.06712601621
-8.15862402888
-9.60543297915
-10.4761703424
-9.45247403475
-9.53674612007
-10.4761703424
-9.11552182138
-8.98248173201
-9.38908269719
-9.80599509194
-8.37758220176
-9.31444948034
-10.4761703424
-10.4761703424
-10.4761703424
-10.4761703424
-9.61616104619
-7.62938232777
-9.14026459543
-9.36787776237
-8.34434413338
-9.7965705064
-9.01081126563
-9.27255423334
-9.55172973508
-10.4761703424
-9.45116601685
-9.39180853593
-8.91707186642
-7.02056810263
-10.4761703424
-10.4761703424
-9.40494824942
-10.4761703424
-9.5018809084
-10.2123215483
-10.4761703424
-9.642157803
-10.4761703424
-10.4761703424
-10.0275935753
-8.39639115936
-9.60663785646
-10.1232143807
-9.78689282405
-9.4770013168
-9.33301121332
-8.75095034492
-9.04330972258
-9.61366877122
-9.50485223071
-10.1526729044
-9.02665865724
-9.79485352329
-9.27396001067
-8.23123813175
-10.4761703424
-9.58782216574
-10.4761703424
-10.4761703424
-10.4761703424
-10.4761703424
-10.4761703424
-10.4761703424
-8.35304927328
-8.84790710595
-9.62936648719
-10.4761703424
-10.4761703424
-7.1338767991
-10.0421993327
-10.4761703424
-10.4761703424
-9.38797737478
-9.35235402077
-10.0096603105
-10.4761703424
-9.25380413319
-8.39354007429
-9.76468556536
-10.4761703424
-9.70232207923
-8.95766931868
-8.30881641824
-9.58413755401
-9.33848217234
-8.68030940782
-9.44650820597
-9.34301179996
-9.56709571522
-9.07135257609
-9.80137230753
-10.4761703424
-10.4761703424
-10.4761703424
-9.0135158802
-8.4299772899
-9.81649648599
-10.4761703424
