0.0109592549052
0.0218565190261
0.00119253859348
0.013063561204
0.010192284215
0.00619190063593
0.00385504125443
0.00315731374168
0.0144619434553
0.00764994829274
0.0237264103831
0.0126565810166
0.0102013783281
0.00803324141057
0.0177470163796
0.011959364423
0.0111117077038
0.0144912901338
0.00619210820626
0.00535415107188
0.0168858083092
0.00569460550394
0.00458086253369
0.0326919392776
0.00928316049899
0.0226612447995
0.00444646746395
0.0332364412037
0.0353815853159
0.0172755864
0.00561392132156
0.0046191464875
0.0
0.0218628735649
0.00619609185432
0.0134360274178
0.336082817266
0.215997866401
