0.0247889202335
0.031731810847
0.0114505290117
0.00710901144681
0.00419373263979
0.0234856009903
0.021470882298
0.0226833999762
0.0154540645369
0.0104133127093
0.0173381031166
9.61619540808e-05
0.0245902955584
0.0261408179367
0.0179431349275
0.0221593690572
0.0138063277744
0.0243831735525
0.0243781278936
0.0185631049432
0.0230379873062
0.0219226146462
0.0217423215139
0.0224795188913
0.0211438028732
0.00913220194024
0.0208984749206
0.0188422415711
0.0236447380684
0.0155298866174
0.0230528094138
0.00275856290473
0.0298862926077
0.0320163972791
0.023103312186
0.0154862945033
0.0103318572219
0.0272607034232
0.000880442371445
0.0206206074902
0.00227493334621
0.0538121486802
0.000243580246714
0.132284522879
0.0516659687169
0.013767896977
