0.0168605960252
0.0162540863659
0.00590142381272
0.000941836637606
0.00370296090665
0.019482696033
0.0137134421858
0.0110043168848
0.00769288178904
0.0102095576187
0.0171511959836
0.00183586839577
0.0135018599399
0.0192573410112
0.0154210644124
0.0316863075279
0.00954973193282
0.00947338850395
0.0198551968694
0.0188492562958
0.0169279235679
0.0195745560735
0.0168644951925
0.00835913107525
0.0177674084364
0.00347630857037
0.0156800437278
0.0209214683377
0.020853600745
0.00351938106586
0.00952546340356
0.00444087282542
0.0102740563117
0.0127232202002
0.0119700946602
0.00502632265087
0.00362498251421
0.0236944875686
0.00131302678001
0.0152451220978
0.0
0.00458723058316
0.436977391077
0.0135077140648
0.0408006893383
