0.00417829384053
0.000992317595677
0.00138058436302
0.000344524088245
0.00157644389813
0.0023165293022
0.0022619823409
0.000516871200044
0.0
0.0
0.0
0.0
0.00168171504154
0.00502827142089
0.0
0.000540077662087
0.00066848688596
0.0
0.0
0.000341767895539
0.000911381054771
0.00364979897942
0.00388603121191
0.00162781579814
0.0
0.0
0.000989948525224
0.0
0.0
0.0
0.0
0.000540077662087
0.0
0.0
0.0
0.0
0.0
0.0
0.0
0.0
0.0
0.0
0.0
0.0
0.0
0.0
0.00139837464766
0.0
0.0
0.000599931523465
0.000299652762882
0.00226311786941
0.0
0.0
0.0
0.0
0.00642385823249
0.00172897490569
0.00112650127434
0.000268740523749
0.00190347387262
0.00138605625572
0.00123822909327
0.00105485503099
0.0
0.0
0.0
0.0
0.000506322808206
0.00059466520238
0.0
0.000932771162711
0.00145037956962
0.0
0.00107593596744
0.0
0.000623314063133
0.000577004727124
0.0
0.0
0.000840014759233
0.000636395391694
0.0
0.0
0.0
0.000337392431525
0.0
0.0
0.000744592365009
0.00180379868436
0.0
0.0
0.0
0.0
0.000690588435669
0.0
0.0
0.000647287680945
0.00182529712629
0.0024244971768
0.0
0.00107140177658
0.000663724093268
0.00138975859021
0.0
0.0
0.0
0.0
0.0
0.000632903510258
0.000364242428352
0.00263422830861
0.00375524922384
0.00290525365218
0.0
0.0
0.0
0.0
0.0
0.0
0.000712950524205
0.0
0.0
0.00134256474893
0.000667099983707
0.00311453583738
0.00177183451849
0.00108497744616
0.0
0.00102289112405
0.0006974855011
0.0
0.000603420288329
0.0
0.0
0.00129342462824
0.0
0.0
0.00353940262473
0.000962013335592
0.000323643840473
0.00279842695753
0.00104793478183
0.000984339006916
0.00794551543382
0.000540077662087
0.0
0.0
0.0
0.0284748595584
0.00213325333755
0.00132505278136
0.00413771099145
0.0
0.000613980334597
0.0
0.00140427726065
0.0
0.00143831809915
0.0
0.0
0.00336224003799
0.00165782361899
0.0
0.00208379094312
0.00106327789723
0.000632903510258
0.0
0.00706625120962
0.00149338851776
0.00353691608163
0.00329495413504
0.00188510956993
0.00208491804111
0.000348031463316
0.0
0.0
0.0
0.000741821788767
0.000631122663653
0.0
0.00067267364233
0.00259002747323
0.00124471023684
0.00727730602279
0.0
0.00102237028234
0.0
0.0
0.00142363581983
0.0
0.00074908031899
0.00268796012288
0.00192342614496
0.00274169742239
0.00422321505764
0.000343375999917
0.00258660200089
0.0
0.000300318920554
0.0
0.0
0.0
0.000666532413191
0.0
0.00691763887742
0.0
0.000675097077608
0.0
0.0
0.0
0.0
0.000796606054446
0.00201810441641
0.00539923030798
0.00139834446149
0.00238621141284
0.0
0.000339668359856
0.0
0.0
0.0
0.00287519023231
0.000256225833438
0.00170214541924
0.0
0.0
0.0117870887582
8.16421571271e-05
0.00197120801158
0.000936697195181
0.00119917089843
0.000722340039084
0.000704306584066
0.0
0.00165857462918
0.0007089933588
0.000708851931489
0.000657511399742
0.00220480548904
0.0
0.0
0.000713889664455
0.0
0.0
0.0
0.00441400228029
0.0012752819034
0.00674049983597
0.0
0.000727918996595
0.0
0.000911682437395
0.00128124095519
0.0
0.0
0.000569613159232
0.0
0.0
0.00141770386298
0.00068824776845
0.00250448960488
0.0
8.43196859345e-20
0.0
0.00564826163714
0.000177301268255
0.0
0.0
0.00204714437262
0.0
0.0
0.0
0.0
0.0
0.0
0.0011641207935
0.00209172999246
0.00254603679735
0.000227999600045
0.000756686117508
0.00141247766847
0.0
0.0
0.00518429353511
0.00050493181148
0.0
0.00034900117223
0.000351832816041
0.0
0.0007264631596
0.0
0.000637149403828
0.000379742106155
0.00226480443537
0.00367851817801
0.000676555456998
0.000908568150281
0.0
0.000379742106155
0.0
0.0
0.00426799766809
0.00342015035996
0.00791056162933
0.00303783092428
0.00245052852894
0.00186732934812
0.00287930907171
0.00107125294513
0.00076771667719
0.00318901390297
0.00167270101196
0.00133606314265
0.00287041120067
0.00343235218964
0.000664548685771
0.000379742106155
0.0
0.0
0.000589087113394
0.0
0.0
0.000379742106155
0.0
0.00123777843649
0.0
0.0
0.0
0.0
0.000919589922499
0.000664339096187
0.000716705797254
0.000353375297162
0.00257284866367
0.000341457698241
0.00355595132489
0.0
0.00273781888675
0.00296645380313
0.00177626688217
0.00138826300295
0.00241790228905
0.00213255998618
0.000759484212309
0.00170308580942
0.0
0.0
0.0
0.000710308745365
0.000598103810017
0.0
0.0
0.0
0.00117204020127
0.0
0.000379742106155
0.0
0.00401392422881
0.0
0.000637351724386
0.0
0.00334965391258
0.00250825657204
0.000661595312754
0.00262640676659
0.000992358355282
0.00235922772078
0.00195652573215
0.0024183390394
0.0
0.000139212991328
0.00395728410015
0.0
0.0
0.000337858785623
0.0
0.00130971560322
0.000690223073451
0.00750113972044
0.0
0.00182831907115
0.00192967316196
0.0
0.000319736364416
0.00112169975972
0.00186895596319
0.0
0.000859400676505
0.00173756244466
0.00176723782091
0.000506322808206
0.0
0.000716232499069
0.00119676300121
0.000728834904963
0.00271143978219
0.0
0.000693532255226
0.00154564595931
0.000761939903358
0.0
0.00117225290937
0.0
0.0
0.0
0.00120960323389
0.00165466755692
0.0
0.00141457305286
0.0
0.0
0.0
0.000312823145726
0.00207856400549
0.0
0.0
0.0
0.0
0.0
0.000604854377417
0.0
0.000594926880934
0.0
0.0
0.0
0.0
0.0
0.000747033651452
0.0
0.0
0.0101027641385
0.00291084082516
0.00341595919117
0.0
0.00177707121442
0.000768059917881
0.000271244361539
0.0
0.0006457834008
0.00187504792206
0.00178478789893
0.000669611913853
0.0
0.000379742106155
0.0
0.0
0.0
0.000711090097144
0.00672015487403
0.000568502802196
0.000684775765302
0.0028946453971
0.00205104035831
0.000701792623105
0.0
0.000678110903848
0.0
0.0
0.0
0.0
0.00247676240348
0.0
0.00107991421807
0.0118830021494
0.00151896842462
0.434175923265
0.00292811933207
0.00155965507885
0.00791583992891
0.0
0.000379742106155
0.0385199602723
0.0070882438871
0.0
