-3.55709068909
-3.08072049845
-6.07426002576
-5.80494996206
-6.68379791986
-3.59170813033
-3.85527662109
-3.56191597386
-4.1519787997
-4.76392085049
-4.50545939847
-4.13334853208
-5.44973827904
-4.47779688524
-3.86205698796
-4.53183091
-3.53386970634
-3.35793172957
-3.88765255224
-2.82452429712
-3.57335970654
-3.40486706276
-4.34130263853
-3.64997452449
-5.32639701651
-3.9288265937
-3.62534474609
-3.20688701277
-4.53410386501
-3.80337954583
-5.70733172282
-2.90649849699
-2.94962222352
-3.6996251485
-5.63403329123
-5.24591656963
-2.61572464135
-3.1924087893
-6.51860625454
-2.44378586542
-3.87536163664
-5.35960664012
-6.01757812559
