-3.17535887887
-3.11840888485
-6.05489846256
-6.77248981531
-5.54072487872
-3.82679366344
-4.06791731554
-4.14710870282
-4.32105738359
-4.70708229084
-3.56139470194
-7.93571028002
-3.21875464273
-4.06105099017
-3.44644798009
-3.41765211458
-4.62573885146
-3.75873238324
-3.68359638083
-3.54761204525
-3.48158945131
-3.36109916952
-3.6544940429
-5.26195901171
-3.49202611901
-5.73339969982
-3.26865070392
-3.55277327119
-3.67028613239
-4.85098854284
-3.26776144139
-5.28887043623
-2.79366170332
-3.05482945979
-3.16109098599
-5.73232685133
-6.11261221209
-3.53554271808
-7.69136778283
-3.81890804184
-3.47634902195
-2.9919512882
-3.9423658857
-4.57207003056
