0.0229963960544
0.0300407648749
0.00948646367759
0.00758891925667
0.00704217682004
0.0209811256753
0.0469624366494
0.0218419853563
0.0205797861734
0.00775325953853
0.017857362178
0.000105536635837
0.0209172563079
0.0109168741881
0.013973455539
0.0257350265639
0.0159876371872
0.0168924482496
0.0194032395674
0.0258785956338
0.0279133335455
0.0239315347724
0.0204843078172
0.00938512034255
0.0218969716351
0.0073617822684
0.0281807581668
0.0192994082208
0.0203434200472
0.0258657753593
0.0270113398435
0.00692386017871
0.0349647213752
0.0294354051827
0.0183611074064
0.016428010178
0.00927581434865
0.0312408177986
0.000732223610667
0.016164241171
0.00570866520679
0.12111328121
0.0731982861336
0.0287606285417
0.0130784395123
