-3.42622992553
-3.18272118795
-4.27074529887
-4.95756271043
-5.21693264522
-3.48167287525
-3.76215820788
-3.74992040252
-3.93882787494
-4.45119171358
-3.66075750784
-8.25283132048
-3.50722630159
-3.90082528579
-3.64490327325
-3.47935584849
-4.05928777391
-3.61199876197
-3.50727369688
-3.83840128282
-3.45155998743
-3.72429238645
-3.52688490656
-3.64477922893
-3.53673825497
-4.21716786974
-3.7957902114
-3.51967352058
-3.79173225974
-3.40039286273
-5.81576614632
-3.28168766151
-3.25628713393
-3.4746233259
-4.23780955101
-5.02159913339
-3.39918395455
-6.49120983405
-3.60684718279
-6.18814540463
-3.10070475673
-7.16223607702
-4.06691712563
-3.52663823108
-4.4789150818
