0.028506705813
0.0305757933673
0.00422440315386
0.00170965327973
0.00806018729745
0.0234758993501
0.0263427108118
0.016951861574
0.0147408873522
0.0121933561002
0.025325007478
0.000659723503359
0.0430111677464
0.0262205041422
0.0233588987449
0.0337219108125
0.0107613586131
0.0228794077474
0.0251804281268
0.0225647100019
0.0266444315073
0.035842792263
0.0276622562209
0.00905093778487
0.0254432133356
0.00342791959384
0.0299028878847
0.0239757884095
0.0263189619075
0.00747360245772
0.0241293013397
0.0195492387319
0.0357822531527
0.0301568909761
0.0294308740199
0.00735409319721
0.00321514042952
0.0263367763002
0.00121690622032
0.0198995124313
0.0519696115379
0.0768419241715
0.0442051207773
0.0137049903337
