-3.41151840987
-2.97778715412
-5.21980201167
-5.8855650321
-6.47153040732
-3.76624720188
-4.26533092253
-3.86822543047
-3.94123783086
-5.2123311978
-3.61441259419
-8.75868972092
-3.63186150476
-5.40259951572
-4.32895669482
-3.17428727492
-4.04382068357
-3.63997310591
-3.6379731177
-4.14162315995
-3.08534496152
-3.34347976886
-3.46422650808
-4.91771328387
-3.73167152843
-4.77235012564
-3.79692298624
-3.71263018855
-3.42469975683
-4.16146398383
-3.09800717964
-5.8310704943
-3.01570239316
-2.77223726165
-3.62625696188
-4.60435890085
-5.24562117793
-3.46722479528
-7.95756776488
-3.70183084112
-6.1115324609
-2.78815586408
-3.58033488783
-3.93241819184
-4.78395759734
