0.00607181483299
0.000182093302627
0.000880118274904
0.000408770720038
0.000195683208058
0.000818415051438
0.000815824715572
0.00104134379284
0.00174779718458
0.000231699600477
0.00462460725583
0.00243441855283
0.000619552139755
0.000180358639404
0.000948076083866
0.000161532803106
0.000136012276424
0.00805546211884
0.00658586597043
0.000617963481143
0.000894357296549
0.000706906103462
0.0
0.000297685550843
0.000969229603182
0.000878287635961
0.00173988327173
0.0
0.00406686970813
0.00183741685034
0.000289948188195
0.000219855478073
0.00147392679821
7.54592080113e-05
0.00129541838766
0.000296292842269
0.000103050667883
0.000661369584842
6.02713189473e-06
0.000344562989679
0.000197763545059
0.000332098519374
0.000954937921499
0.000360428192486
0.000217594394703
9.07722591419e-05
0.0
0.000283342388343
9.32881402283e-05
3.35422992403e-05
0.00173538609854
0.000394307622042
0.000473574464363
0.000184986889289
8.1521023126e-05
0.000255119257213
0.000322968976188
0.000716278708879
3.29796021492e-05
3.35831196827e-05
0.000112784069439
0.00656956824046
0.0011238079763
0.000790498001332
0.00102682622589
0.00188235627735
0.00152642436838
0.000569967531935
0.000159218190199
0.000668554535236
0.000175787938797
8.84058248787e-05
0.00033679746862
0.000741635561863
0.00132063496476
0.000191401868962
0.0
0.00247131387888
0.00354880559571
0.000466623211864
0.0
0.00460384426808
0.00080038793683
0.00133452772867
0.00234193796649
0.000188335718514
0.00011332491691
0.000428177826443
8.73783771587e-05
2.57414943484e-05
0.000158243610544
0.000321502854371
0.000172656132197
0.0
0.00239598298036
0.00458188507433
0.000458482775545
0.00187456619605
0.000521250841893
0.000141083917078
0.000131701656573
0.000687705120212
0.000125776034975
9.23055422656e-05
0.000640077421947
0.000118187513158
0.00014819437656
0.00504596785931
0.000178902513417
0.0
0.00292759905026
3.32220808615e-05
0.000566010309174
0.00049835448419
0.000478915155863
1.20542637895e-05
0.000199815090367
8.18876354635e-05
0.000240441926247
0.00048256626824
0.00277513857608
0.0034880958739
0.00172083967836
0.00153427177182
2.99845898041e-05
0.00034833836731
0.0
0.000277642615808
0.000607775633274
0.00138350691499
0.000500899732008
3.52939450823e-05
0.00724951298869
0.00213871059804
0.000945883074335
0.00122252971272
0.00410743197782
0.00210746043909
0.00444742030886
0.000815655778899
0.000802175544226
0.000309612686383
0.000194302306665
0.0
0.0
0.00735869412689
0.00144340740285
0.0107830446788
0.0161196768062
0.00199415882341
0.00260603902478
0.00788152285267
0.00464902435831
0.00620026395699
0.0132580149582
0.00758629933377
0.00159209400351
0.00301111043457
0.0166167945011
0.00389136149006
0.00129076032705
0.00164475235684
9.21691147366e-05
0.000914840189878
0.000126498862355
0.000140459478761
0.00014843289529
0.000408414828866
0.00122463735792
0.000323375238105
0.00735051374562
0.00163408926837
0.00201964804745
0.00641191513196
0.00656827673874
0.0105367863625
0.0020740920954
0.00662386960797
0.000550498449892
0.000786561170428
0.0029082281661
0.0011449272115
0.000903282097547
0.00112114666856
0.000226203030067
0.000273499168254
0.000402829348503
0.000326769802979
1.05618311298e-05
0.000312348204061
0.00105542167147
0.000590655100597
3.30033053857e-05
0.00271251996911
0.00187097660937
2.98559839899e-05
0.000115051876674
0.00714323979406
0.000457886720263
6.00239493635e-05
0.000193797018524
0.000487447102326
0.00149033309084
0.0017523998137
0.00232964021682
0.00379015095324
0.000349533781264
0.00117207556814
1.56548880383e-07
0.000926321606044
0.000169625382498
0.000615158077511
4.17262977328e-06
0.0137656269966
0.000252138795142
0.00050332174019
0.000699272578362
0.000279908821206
0.000142455314334
0.000565751391327
0.000362291152262
0.000451145156269
0.000602831154131
0.001126352169
0.000581195570134
0.00238774791051
0.000133777050845
0.000711031805915
0.00260358611897
0.0016357917923
0.00063030221761
0.000160890867578
0.00135774397891
0.000372251402056
0.000160109189368
0.00791901652546
0.000420264696174
0.000806837538149
0.00120252666493
0.000458089145796
0.000832165432529
0.000220353596741
6.33330550953e-05
0.000362206802374
0.000296777788428
0.000189738598424
0.00259463223871
0.000629376736162
0.00646416727249
0.000248224641733
0.000563473975445
2.53776616993e-05
0.0028378214561
0.000959068247852
1.85444558176e-05
0.00161810812084
0.000555748796571
0.000169602164317
0.00309977949585
0.000388736879887
4.16733119579e-05
0.000320680358806
0.000811933904451
0.00094669679908
0.00273024144495
0.0
0.000960365753564
0.00103344156339
0.000122545639622
6.31160020123e-05
0.00679939449752
0.000286209639723
0.000837144190879
0.000581326347379
0.000324541907816
0.000250401621796
6.7636089997e-05
0.000207492975383
0.00133420911103
0.00307795098423
0.00325512694062
0.000454086034165
0.00196663259508
9.50277795403e-05
0.000244587744835
0.000929337729861
0.000125421696819
0.000580571014544
5.42269666758e-05
0.00107019673453
0.00218669036977
0.000361786360209
0.00554151862067
0.0064244053276
0.00579311763089
0.00566849020455
0.0012817052372
0.00335282846079
0.00501149111829
0.00174817518046
0.00108426199935
0.00710727766272
0.00121859388556
0.00121013577498
0.00484257204169
0.00217355039389
0.00386527441264
0.00344350686173
0.00620583023081
0.00164158852203
0.00246990615132
0.000659366267613
0.00104450540904
0.000611242118429
0.000139896307303
1.7251182525e-08
0.0
0.000112755978281
3.61627913684e-05
0.000584054439785
0.00120267272413
0.000494264571799
0.000115723485067
0.0215961016038
0.00173956031499
0.00316277792565
0.000240775407505
0.00133368570503
0.00151633530059
0.00294254222474
0.00175185370782
0.00514287122525
0.000813368019727
0.00257463213775
0.00900742654626
0.00206993781281
0.000311972090235
0.00153328034775
0.000352027080273
0.000290416672462
4.9058050306e-05
0.00047786065237
0.000300058174959
0.000598770315126
7.73836463661e-05
4.26381551989e-05
0.0117838905214
0.000227213145388
0.00147959716467
0.000107858268598
0.00183450441048
0.00124023790948
0.00102971089868
0.00104812111143
0.000224859742173
0.000720911001163
0.000511544070251
0.00456776804168
0.000115015802476
0.00052827264085
0.00235826055964
0.000192348661152
7.72675436761e-05
0.000718982779513
0.000298800366699
0.00426985116421
0.00155141667509
0.00860122912242
0.00010377292278
0.00219917190477
0.000644061575445
9.9819136545e-06
0.000799491787386
0.000677606465874
0.00273270011937
0.00357220244934
0.000154410045923
0.00315900690545
0.000595549027791
7.9206200946e-05
0.000632923700543
0.000812544064346
0.000668815362295
0.000471571393836
0.00630911307363
0.000215640921331
0.00145192937725
0.000415414690244
9.45831970762e-05
0.00064143417966
0.00223351735644
0.00121593667892
0.00235420828589
0.000107419219607
0.000849913299348
2.3661028154e-05
0.00074070657225
0.000621085285779
0.000366608540819
0.000290703021808
0.00234119388907
5.00385883527e-05
0.000635664222185
0.000103737412969
7.42263020741e-05
9.54432863603e-05
0.000397846884976
0.000537131910397
4.44975490708e-05
3.65646001614e-05
3.79365756776e-05
0.0
0.000197656467661
0.00137706541317
0.0
0.0
0.000278019249074
0.00010022747044
8.08849635944e-05
0.000200524766561
5.05123605504e-05
0.000836146296399
8.77440631849e-05
0.000291448245866
0.000177956865827
0.0137518013821
0.00208274645627
0.00502964448365
0.000152191270752
0.00183956130221
0.00163179051293
0.000546138954339
4.49853310723e-05
0.0023703989374
0.0003006431933
0.00141945952448
0.00109121246964
0.00268398832523
0.00551138061387
0.00112193492491
0.000303447665494
0.00044309740324
0.000358850110132
0.000422248858949
0.000452041757803
0.0002367317404
0.00025201191528
0.00467996492954
0.000740131494315
0.00111401254195
0.0040932845642
0.00296515562566
0.000289129458586
0.000381160892349
0.000646108237286
5.78604661894e-05
0.000287548688772
0.000298132015409
0.00022544326642
0.00183254534249
0.00014464701362
0.00244282870025
0.0520410004592
0.00623345838811
0.0315895463326
0.0720075713149
0.0200684265418
0.0410369097001
0.0231887420216
0.00309282857874
0.0149530795798
0.00874807844986
0.00356406656948
0.00230393788552
