0.000480194276419
0.00106389551151
0.0
3.14353939602e-05
0.000112542227887
2.85247093342e-05
0.0
1.69365461672e-05
0.000154058136231
6.08609100019e-07
0.000142073551001
0.000142346429516
0.0
3.64300106427e-05
6.16309058143e-06
3.66067103123e-05
7.74869027189e-05
0.000557014466291
4.35251706929e-05
8.84984564628e-06
8.84654055628e-05
0.000193432135145
0.0
0.0
0.0
4.00454559088e-06
5.5563756724e-06
8.81183629162e-05
0.0
0.000484630575128
3.92655502341e-05
0.00020877075297
2.96962598962e-05
9.0511096926e-08
0.000145106843701
3.9537777555e-05
2.62482758927e-05
2.3371455078e-05
0.000163734546181
3.92214753346e-05
1.92262133993e-07
3.39108634008e-05
6.52773397795e-05
0.0
0.0
0.0
0.0
1.05057523218e-06
3.66321160756e-05
0.00021254111801
0.0
7.48136177855e-05
4.32243110552e-05
0.0
2.08003090615e-05
0.0
0.000132592068089
9.83415652588e-05
0.000104763565972
0.000124002306312
7.73502118825e-05
0.0
1.92836524166e-06
0.0
4.08064229797e-05
0.000541071889878
0.000340162625778
0.00234736826783
0.00240308019708
0.00492358707265
0.000200756016376
1.28063510431e-05
0.000571119844989
0.0
3.85153976717e-05
4.76477945094e-05
0.0
6.74110162114e-05
0.0
3.99891569245e-05
1.90362817154e-05
0.000218932991939
0.0
0.000100159342375
3.54091772129e-05
4.05959522561e-05
5.14766007648e-05
0.000113013214492
0.000176236823129
9.65561328939e-05
0.0
8.33118335565e-06
0.0
1.0785905717e-05
3.20285115845e-05
0.000111500352102
3.79664603549e-05
0.000279918709312
0.0
0.000173012647998
8.52888148234e-05
0.000317688513698
1.30738251115e-05
1.36438341834e-08
0.000293195535657
5.83426479582e-05
8.2784117781e-05
6.07992031332e-05
5.12604089963e-05
0.000162968375532
4.08297996242e-05
4.21875076672e-07
0.0
1.38690912112e-05
7.72331973715e-05
0.0
2.6155700608e-05
4.90268441682e-06
0.000119280464443
0.000165512355249
1.05057523218e-06
6.38603057133e-05
3.2705466565e-05
4.82725850272e-05
3.92214753346e-05
4.12857635099e-08
4.90268441682e-06
0.0
0.000154823494454
2.94161065009e-05
0.0
3.44761780129e-05
0.000131816883225
0.00016457315562
1.12478926591e-05
3.23253917593e-05
3.41650482008e-08
0.0
0.000178551220017
2.80153395247e-05
6.84708508675e-05
9.80536883364e-06
0.0
0.0
1.65337496668e-05
0.0
1.27342452385e-07
0.0
0.0
0.0
0.000167610022794
0.0
6.39552719165e-05
2.27779585737e-05
0.0
0.0
0.000157016711724
2.94161065009e-05
0.0
7.25649215572e-05
7.88910855035e-05
0.0
2.7457568059e-05
4.48068068323e-05
1.44423905481e-05
0.0
0.0
4.62863692891e-05
2.94161065009e-06
5.15265859278e-05
0.0
2.64744958508e-05
0.0
8.30355029682e-05
5.15847664726e-05
9.43035949928e-05
5.01410906266e-07
9.18520020656e-06
0.0
0.0
4.54741743009e-05
9.03836597395e-05
9.66737705656e-05
0.0
1.06015778713e-05
5.64181148859e-05
0.000120050766619
9.59220864161e-07
0.0
0.0
0.00667510509867
1.72024014625e-07
1.49718012667e-05
8.08134793981e-06
9.57550830142e-07
0.0
4.97197664889e-05
0.0
0.000183183422127
0.000201410556209
1.27342452385e-07
6.38745093067e-05
0.0
9.94322712203e-05
3.34306393037e-05
0.0
0.0
0.000143153046075
0.000202287656748
0.0
2.94161065009e-05
0.0
0.0
0.0
4.80463072848e-05
0.000205737176163
0.0
5.39152016288e-05
0.0
2.68590201188e-05
0.000119764135063
0.0
2.23486003936e-05
4.58623842264e-05
0.0
2.86520517866e-05
0.0
6.54444983174e-05
4.45698583347e-07
0.000152098022482
0.000109077457279
4.11414076936e-05
0.0
4.62503239117e-05
0.0
2.6147650223e-06
0.00456964364213
4.32305670252e-05
0.000133712896112
8.52406068395e-05
4.84514010042e-05
4.5000937422e-05
3.50191744059e-05
0.000778569515232
2.94161065009e-05
3.38933801789e-06
0.000580331513578
6.68604054021e-05
7.31162882879e-05
3.4586023192e-06
7.84429506691e-06
5.68671013344e-05
3.45180549524e-05
0.0
0.0
0.0
2.22807442041e-05
1.96107376673e-06
0.000595159597831
0.0
5.61065574796e-05
4.267403627e-05
1.61626958796e-05
1.14608207146e-06
0.000238248097926
8.3444777623e-05
0.000109300245106
0.000249416867721
3.13771802676e-05
6.19286452651e-06
0.000347897385347
0.0
0.0
0.0
4.32416765564e-05
4.65485641333e-05
0.0
0.0
4.65076782623e-07
0.0
3.06302228051e-05
5.24405651695e-05
2.66554904537e-05
2.75077559331e-05
2.94161065009e-06
0.0
0.0
0.0
0.000102670562549
0.0
4.55780592681e-05
0.0
8.8409013668e-05
1.94665410668e-06
2.94161065009e-05
0.0
4.07015310076e-05
0.000947821228689
4.86298656729e-05
0.0
0.0
0.0
0.00592419850928
0.000132359909126
4.37039296585e-05
8.86201455823e-05
1.96107376673e-05
5.0765909584e-05
7.4561912024e-05
0.0
0.000260440026891
0.000110205079072
0.000178555317231
3.35226284911e-07
7.01733861078e-05
0.000463182778236
0.0
3.5173996019e-05
0.0
3.73189410833e-06
0.00179944216227
0.00195085961268
5.16628786202e-05
0.000107782901025
0.0
5.0528116361e-05
0.0
3.60911228431e-05
0.00025660854892
3.21323561551e-05
7.46811840726e-05
6.57013795977e-05
0.0
0.0
1.78279433339e-06
0.0
5.63808707934e-05
0.0
0.0
0.0
0.0
2.96338020162e-05
3.11913553837e-05
0.0
0.0
8.23457476727e-05
0.0
3.41606398075e-05
4.44643616808e-05
4.90268441682e-05
0.0
0.0
2.23994719214e-08
0.0
4.22539650129e-05
4.77383600292e-05
2.95434489533e-05
0.000144949727824
3.6385965807e-05
0.0
0.0
0.000166360235001
4.52091800732e-08
6.22889760639e-05
0.0
0.0
6.53691255576e-07
2.8859077301e-05
0.000268357941221
9.24289331713e-05
0.0
8.12754703929e-05
0.000135578015418
1.1925196191e-05
0.000109288345489
0.0
4.90268441682e-06
0.00012802599355
3.49850093577e-05
8.15426691276e-05
0.000359606901054
0.0
3.79469829495e-05
2.24122716197e-06
0.0
0.00011863608925
0.000368762520486
0.0
0.00139809402257
0.000657129568925
0.000142911732263
0.000734975388869
4.41241597514e-05
0.0
4.86975193068e-05
7.64349388563e-05
6.73646983278e-05
1.40076697623e-06
3.97514952715e-07
0.0
0.0
0.00038910535704
2.35085240359e-05
6.58530869538e-05
0.00011543055542
4.69434927909e-05
3.71222977814e-05
0.00222766538892
8.5138497322e-05
3.88896172672e-07
0.0
4.37576964717e-05
3.13110766575e-05
0.0
8.38065712276e-08
0.0
0.000216170698125
0.0
0.000167751484808
0.000305711047037
9.65598049734e-05
0.0
0.000123678940083
0.000105204618858
0.000155227262182
0.0
7.60745769662e-05
0.000233621810843
0.0
0.0
0.000478976359278
0.0
8.02121854999e-05
4.25894063687e-05
1.63422813894e-06
0.00166736945575
3.72531450507e-05
8.49079129097e-05
0.0
0.000165424477
0.0
0.0
0.0
0.0
3.26201596994e-06
1.97755337821e-07
1.96107376673e-05
5.77352602203e-05
5.52153980361e-05
3.28550909324e-05
0.0
0.0
5.14215539519e-05
9.91703620537e-05
4.0038589404e-05
0.000107344695433
0.0
0.0
0.0
0.0
0.000146174258266
0.0
0.0
4.52464850639e-05
0.000127922470783
0.0
0.0
0.0
2.24122716197e-06
8.07988298998e-05
7.30619644495e-05
0.0
0.00015183273817
5.67376924625e-05
0.000251307913984
0.0
2.74372600796e-05
7.21397271959e-05
0.0
5.88322130018e-05
0.0
0.0
0.0
2.3722666533e-07
0.0
0.000495138756135
9.74933815459e-05
0.0
0.000151261455269
5.57123229184e-08
0.0
0.0
0.0
0.0
0.0
5.34838300017e-07
5.69937063455e-05
2.16294900742e-05
1.72024014625e-07
5.29499338998e-05
2.05563287917e-08
0.0
5.59682145242e-07
0.0
7.78203875686e-08
0.0
0.0
0.0
0.0
0.0
0.000192331063831
2.35328852007e-05
8.96731961872e-05
3.8760046213e-05
0.000535285024487
0.0
3.99305448768e-05
0.0
2.44525038622e-05
5.04559223067e-05
0.0
0.000326973599846
0.000302703432082
0.000147039191795
0.0
3.20308715232e-05
0.0
1.05057523218e-06
0.00283618872203
0.0
6.75324619386e-05
0.000127583061231
0.0
5.07470843145e-06
0.000480676209794
0.0
0.0
4.90268441682e-06
9.76191292102e-05
6.88096058501e-07
0.000237498341145
5.13927412527e-05
0.0
0.0
1.17664426004e-05
0.000488235992279
0.0
0.0
4.76775538278e-05
0.000130779637646
2.16118333476e-05
0.000109162760781
0.0
0.000236413021684
0.000140584915726
3.70508986256e-05
0.0
2.13935320007e-06
0.0
4.2315119886e-05
5.13337624711e-05
0.000199492916184
5.72286193959e-05
3.0109944349e-05
0.00099331671301
0.0
0.0
0.000134462857631
4.61429121583e-07
0.000314339433754
0.00608123518979
5.24091692454e-05
0.0
2.89156011868e-05
0.0
4.50330559703e-05
9.04562434934e-05
5.48949634834e-05
0.00513368334249
0.00281950445082
0.00217671843926
1.17664426004e-05
0.0
5.30450442943e-05
0.0
0.0
0.0
0.0
0.0
2.98035526844e-09
9.16801786923e-05
0.0
0.000216370750397
0.0
0.0
0.000313948578538
0.0
0.000101403119059
0.0
0.000246824064961
8.15653387272e-05
0.0
1.25709856841e-07
0.0
0.0
0.000142530905854
1.96107376673e-05
7.13386107651e-05
3.11464657069e-05
3.27074537499e-05
0.000185079079058
0.0
5.14484129895e-05
0.0
2.94161065009e-05
0.000142859460829
0.0
3.06152479275e-05
0.0
6.78966521128e-05
0.000135078934399
2.85247093342e-05
4.38073709121e-05
0.000215855561709
8.12431984625e-05
2.96612407218e-05
0.0
2.94161065009e-05
0.00010861485501
0.0
5.97216219221e-05
5.61534781931e-05
2.75590897096e-05
0.0
3.92526012439e-05
0.000137720386919
0.000230462000319
1.96107376673e-06
0.0
2.77898688515e-05
0.000115134030015
0.000230537477544
4.06523467483e-05
0.0
3.61552494582e-05
0.000291182334427
0.0
0.000320099531361
3.639871764e-05
7.91021351285e-07
0.000108083581455
0.000141885119894
0.0
0.0
0.0
4.32237644368e-05
0.0
0.0
0.00809314899256
0.000140420632249
0.0
0.0
0.000104447282947
0.0
0.0
2.62643808044e-05
0.0
0.0
0.000138583306365
3.44499421745e-05
3.87054032907e-06
4.27272061154e-05
9.11148982764e-05
0.000213566883966
0.0
5.12999363541e-05
0.0
5.27758215178e-05
4.80993092785e-05
1.92153598917e-05
9.78773015707e-05
0.000102965026829
0.000202388652945
0.000284162955048
0.0
7.73293253069e-05
0.000106119852134
2.50892728694e-05
0.0
0.0
0.0
0.000503110046472
5.66532421499e-05
2.94718188238e-05
1.7493967589e-08
1.60451490005e-05
0.0
0.0
5.94146257142e-05
0.0
0.000115383555167
0.000280272605746
0.000112179889012
5.63611019047e-05
0.000282139938871
0.0
8.22801760026e-05
0.0
0.0
0.0
5.58377241961e-05
0.000582089086106
5.49100654684e-05
0.0
7.88171536555e-05
3.81319899086e-06
0.000149996145266
4.42352415522e-05
0.0
0.0
1.70254986156e-05
8.02332926555e-05
0.0
8.61242897641e-05
0.000103427386402
2.65950920864e-05
1.06580096018e-07
0.000207923495836
0.000269508797794
4.59121630284e-05
2.95900633696e-05
3.55544175374e-05
5.05750602998e-07
0.0
0.0
4.90268441682e-06
0.00655015081925
0.0
0.000985962995185
0.0
0.0
9.40470329838e-05
0.00176532891451
0.0
0.0
0.0
0.0
0.0
0.000118960150888
0.001242819424
8.06792628593e-05
0.000460400102434
3.13618193765e-05
5.77536224301e-05
5.79497913139e-05
4.04821656132e-05
4.35880009999e-06
0.0
5.69955982073e-05
0.0
0.0
0.00034110607205
2.96979340103e-05
0.000352047199696
0.00024327718843
0.000100454269223
0.0
0.000208701991572
8.56982177988e-05
0.00224657201501
5.71018537959e-05
5.97224636639e-05
3.46048362772e-05
0.0
9.80536883364e-06
0.0
3.07221657504e-05
2.37974782101e-05
8.33813244718e-05
9.95655468242e-05
3.04113882998e-05
0.000317432890297
4.2023009287e-06
7.54259141049e-07
2.51378073639e-05
0.0
6.30944715645e-05
0.000162832585885
8.09064147232e-05
8.75020798936e-05
9.17514974042e-05
0.0
0.0
0.0
7.16201420636e-05
0.0
0.0
0.000149755610062
2.94161065009e-05
0.000136660676538
0.0
0.0
2.68947259437e-05
0.000234061241851
2.94161065009e-05
0.0
7.35970541027e-06
0.000409208768657
0.0
3.78207083583e-05
0.0
0.0
2.72134653457e-05
0.0
0.0
1.96494940658e-05
4.29808686454e-05
1.40076697623e-07
3.49362534151e-05
0.0
0.000132496820029
4.53824339803e-05
4.61564361048e-05
0.000243574963407
3.92926576854e-05
0.0
0.000302423507615
0.0
0.000678345948362
5.31951183687e-07
5.46299120731e-05
0.0
2.94161065009e-05
0.0
0.0
0.000144408951016
0.0
5.48080037274e-05
0.0
0.000121698665872
5.22721749538e-05
1.98637705619e-05
4.04997499922e-05
0.0
0.000131902889878
7.95959764969e-07
5.19583331472e-05
0.000203177739052
1.06187174005e-05
0.0
7.71178271959e-05
0.000242415220611
9.8086152284e-05
2.04967353094e-05
0.000160025499708
2.4771458106e-05
0.000274770814744
4.66832385395e-05
0.00164902170088
0.000181990256843
0.0
0.0
2.20620798757e-06
0.0
0.0
8.9225152435e-05
0.0
0.000160282242265
0.0
0.0
1.84170405919e-06
6.05103684781e-05
9.80536883364e-06
3.18101446058e-05
7.24163107817e-05
5.10436302578e-05
8.54311348144e-05
1.68025911248e-05
4.78954615238e-06
3.68813477218e-05
6.98194789717e-05
0.0
0.000147838156239
0.000193367590927
0.0
0.000232939549262
0.0
8.59561553598e-06
6.53691255576e-07
2.57340904491e-05
4.4743446204e-05
0.0
0.000111962325378
2.72875638028e-05
0.0
0.0
7.68804326526e-05
2.01710444578e-05
3.36921875358e-05
0.000205837676757
0.000102597504679
0.0
2.69647642925e-05
8.99301057521e-05
0.0
0.0
0.0
0.0
0.00012689666283
0.0
0.000943739786177
0.0
0.0
0.000352602228579
1.96107376673e-06
0.000269802815436
0.0
0.000226288426668
0.0
0.0
4.11825491013e-05
1.36116364539e-06
2.92139339476e-05
7.97432483002e-05
0.0
0.0
6.5201916887e-05
7.13068598732e-05
0.00052396993374
0.0
2.917011216e-05
0.0
0.0
0.000627564562182
0.000362321202143
0.000254900385548
3.10530697497e-05
0.000120332472888
0.0
9.88203590365e-05
4.19981920122e-05
0.0
9.76545639448e-05
0.000100801720053
0.0
0.000154657960285
8.08227309641e-05
4.41241597514e-05
0.0
2.7372105221e-05
0.000116521019858
6.53691255576e-07
7.32596936588e-05
0.000400421437426
0.000261865287489
0.000732530942412
0.000106511412064
6.28511888529e-05
0.000253228922506
0.0
0.000457691189249
8.57218964366e-05
7.68200792908e-05
0.00265073427308
0.0
4.19376752069e-05
0.000178680093717
4.90268441682e-06
0.0
0.0
7.48107013988e-05
7.27613918855e-05
0.000305226683834
0.0
0.00010875248836
0.0
0.0
0.0
0.000393992219802
0.0
0.00010264137522
8.21997727378e-05
0.0
0.000190049891359
0.000134452266841
7.028938232e-06
0.0
7.84429506691e-06
6.756849762e-05
0.0001137651038
0.0
2.94161065009e-05
0.000122518117285
0.0
0.000329420171006
8.31642066568e-05
3.18405108829e-05
0.0
0.0
0.0
8.0923007564e-05
0.000275656082285
0.000215714916607
0.0
0.000375300978088
3.00681876795e-05
4.14484882798e-05
0.000173059879487
0.0
4.29317155475e-05
2.61605690226e-05
0.0
4.52073152894e-05
0.0
0.0
0.0
3.97563136346e-05
0.0
0.0
0.0
0.0
0.0
4.3230958137e-05
5.49100654684e-05
0.000151808873577
0.0
0.000224240910718
0.000138289456077
0.0
7.89540710623e-05
1.26069027861e-06
0.000123645413445
0.0
0.0
0.0
0.00044999625296
1.53072547371e-05
0.0
0.0
0.0
0.0
0.0
0.0
3.77129570525e-06
0.000252109789124
0.000184761858249
0.00279143462151
3.63790072215e-05
9.99850814365e-05
0.0
4.65076782623e-07
2.57190002194e-07
0.000105165816844
4.33867761154e-05
4.65926624322e-05
0.000400328221593
2.36008011753e-05
2.68074455566e-05
0.000433921598566
8.65179602968e-07
7.37771901256e-05
0.000183817105175
0.00058523627156
1.82944815192e-05
7.33356453546e-05
0.000182015825261
5.3929528585e-05
0.0
1.34388303821e-08
5.54160708972e-05
0.00019326119972
0.000248860447475
5.1277717932e-05
9.55552032353e-05
0.000108381376531
7.30732404882e-05
0.0
0.0
0.000126727638687
0.000101821078885
8.48035590076e-05
9.93695410737e-05
0.0
0.00419452331853
0.0
0.0
0.0
7.24534642879e-08
6.99320735511e-05
8.1429920801e-07
0.0
0.0
0.000232133018425
0.000759418911135
0.00024045383384
8.22656269833e-05
9.55965200134e-05
5.26698635211e-05
5.87971635259e-05
5.60306790494e-06
4.83048935812e-05
0.000125506385135
5.44085456946e-05
0.000385217639187
0.00015135571681
0.0
9.85628844857e-05
0.000989118187917
8.70904435828e-05
0.0
0.0
0.000398870326853
3.95764208127e-05
9.9603002233e-05
5.24963518131e-05
0.0
0.0
0.0
0.0
0.0
6.02896416332e-05
0.0
0.0
4.62351332661e-05
2.99252314211e-05
2.54782860502e-05
0.000103787785128
1.03656756241e-05
0.0
0.0
4.54936810675e-06
5.08705887352e-05
0.0
0.000131535184329
2.9941394117e-05
4.66570043862e-05
0.0038463130127
0.0
3.08030760922e-05
3.874783718e-05
8.62008762894e-05
2.71977603931e-05
2.66503379995e-05
0.0
2.84729403518e-05
2.94161065009e-05
5.24405651695e-05
4.18353045009e-05
0.0
0.0
2.22943122954e-05
5.69343996792e-05
0.0
4.74060081743e-05
9.67681799652e-05
0.0
0.000130510114076
0.000292432490765
1.22492601539e-06
6.02355222049e-06
0.000151329672493
2.21752187468e-05
0.000114607028262
0.000555928788525
2.88013498342e-06
0.0
9.91126379536e-05
0.0
8.22049231014e-05
6.93386766632e-05
0.0
0.0
7.50267876073e-05
0.000399298927927
0.000110312834321
0.0
0.000410838397903
0.0
4.59100496712e-05
0.000263895380711
8.47706659334e-06
5.93662790119e-05
0.0
1.05057523218e-06
0.0
4.89651414368e-05
0.0
8.91043424715e-05
1.06785639028e-06
2.85549660184e-05
0.0
3.90622134176e-05
0.0
0.000124282819706
2.94161065009e-06
0.0
0.000205020204759
0.000277457606987
0.0
0.0
0.0
0.0
8.96150707681e-06
7.59848118115e-05
5.92888013841e-07
0.0
0.00010560693581
0.0
8.46365594409e-05
2.80896507701e-05
0.000136503898746
0.0
0.000401569603705
2.20260868339e-05
2.65159269867e-05
4.0279595423e-05
0.000177672280352
0.000253189556515
0.0
9.88105940008e-05
0.0
5.34436769761e-06
3.69294062943e-05
0.0030503815885
9.0079788813e-05
2.24900920073e-05
0.000344879192118
0.0
3.92214753346e-05
0.000537087982715
4.9224388229e-05
0.0
0.0
0.000315867643065
2.4771458106e-05
0.0
5.98420746481e-05
0.0
0.0
0.0
5.83652906765e-08
1.40076697623e-06
0.0
0.000242873931746
0.0
0.0
3.45319511098e-05
3.90475218071e-05
9.24777106833e-05
4.81192691945e-05
2.8262533697e-05
0.000196200505544
6.52022434516e-05
0.0
5.82610264678e-05
3.20690742589e-05
2.6147650223e-06
9.88332327606e-05
0.0
9.76370621912e-05
0.0
4.39208226097e-05
0.0
6.27440672151e-05
0.0
5.49638322816e-05
7.78209072096e-05
1.56885901338e-06
0.000108660766429
0.0
5.98544493841e-05
0.0
0.0
0.000304321413894
0.000371956148927
0.0
0.0
4.90268441682e-06
2.90694220846e-05
0.0
2.94161065009e-05
0.000162998274483
0.0
1.10310399378e-06
0.000190857447574
0.000425029312972
0.0
0.0
0.000503792219666
0.0
0.000167388459656
0.000184319703397
0.0
0.0
0.000233164087576
0.0
0.0
3.97970525407e-05
0.0
2.26976130408e-07
4.47436874978e-05
0.0
0.0
0.0
7.01666344593e-05
0.000214990099738
1.29301567037e-06
0.0
0.000229402137745
7.85205302297e-05
8.84165863626e-05
0.000318910361276
0.000134474583634
0.000291578174787
0.0
0.000281695122293
0.000376422533176
0.0
2.00838954047e-05
5.29225933271e-05
1.17664426004e-05
0.0
0.000221298559221
0.0
0.0
5.60306790494e-06
0.0
0.0
4.75574376763e-05
0.000819413202884
0.0
0.000137291690122
0.0
0.0
0.0
0.0
0.0
0.0
2.02644289229e-05
0.0
0.0
1.5085182821e-06
7.49720691016e-05
0.0
0.0
3.67970169976e-05
8.45985433258e-05
5.7131477976e-05
7.64818769024e-05
1.0887340567e-05
9.05187422514e-05
0.0
4.30568040118e-05
4.89785418587e-05
0.0
5.78516761185e-05
5.99101081573e-05
4.39632667024e-05
2.10001624008e-05
0.000195811488166
4.90268441682e-06
0.0
2.61648526245e-05
0.0
4.76988570289e-05
0.0
0.0
2.94161065009e-05
4.49227870772e-05
4.40095515442e-05
4.81192691945e-05
4.32719383377e-05
3.20621966919e-05
0.000139584287386
1.12061358099e-06
0.0
0.000412601609441
2.32522757818e-05
9.80536883364e-06
0.0
0.0
5.70581152262e-05
7.67070835798e-05
3.5941418502e-05
4.45698583347e-05
3.46383962943e-05
3.28739998365e-05
0.000195085637825
0.000148401854188
0.00026974064891
0.00127702178974
0.00078776032634
0.000238193231848
9.00165396189e-05
5.97341183141e-05
0.0
5.06112207816e-05
3.94747467909e-05
3.20308715232e-05
0.0
0.0
0.0
9.81239160962e-05
0.0
1.83373131434e-05
0.0
0.000347261358163
0.000256735037992
2.22721949221e-06
0.0
0.0
1.57529688181e-05
0.0
4.49632575377e-05
3.51050916536e-05
3.70689260254e-05
0.0
0.0
3.71746474676e-05
1.0464227609e-06
0.0
0.000470443993957
0.000226210798862
3.26397894051e-05
2.12336248753e-05
2.94161065009e-06
0.0
0.0
8.03540175945e-05
0.0
0.0
0.0
0.0
0.000336685711226
0.0
8.33570638287e-05
0.000443996783445
7.18612647397e-05
7.13254508999e-05
0.0
7.81367183346e-05
6.20971210176e-05
0.0
0.0
0.0
0.0
1.73499477518e-06
8.2944286805e-05
3.90815202709e-05
4.80655334982e-06
3.5318429169e-05
0.000212611362876
0.0
0.0
4.93499756411e-05
3.59461090011e-05
0.000165776690226
0.000241763631813
3.8354378379e-05
0.0
0.0
1.04590600892e-05
0.0
0.000172211914879
0.0
2.94161065009e-05
5.1464836696e-05
0.00100338561925
0.0
0.000165413217245
5.44734749633e-05
0.0
5.14781863766e-05
0.000625103803896
3.55652122645e-05
0.000862112173053
0.0
1.6574915558e-05
4.80463072848e-05
0.0
5.23916527281e-05
1.88794631673e-05
2.06316712013e-05
0.000156635007479
3.3534361411e-05
0.000236745452141
7.75163339181e-05
0.000396637196818
5.34838300017e-07
0.0
2.93739147245e-05
2.54623908934e-05
0.0
4.02720505667e-05
0.000144189338285
5.76124410921e-06
0.000172330861221
0.00167675585234
0.000255171071113
0.0
8.88311650436e-05
1.64997598579e-05
9.50754041622e-05
6.79312395873e-05
0.0
0.0
0.0
0.000130494167415
3.29447323826e-05
0.000187120104045
5.34838300017e-07
5.0845248675e-05
0.000582658739037
5.06619082295e-05
0.0
2.96463106313e-05
0.0
0.0
6.63748044123e-05
8.23465725395e-05
4.23938005454e-05
5.14307410435e-05
5.23703228918e-05
0.0
2.94161065009e-05
0.0
0.0
0.0
0.0
7.81902945488e-05
0.000413365162055
9.88939319807e-05
9.20687556419e-05
1.63020294648e-05
0.000226655907502
2.94161065009e-05
3.54945478141e-05
3.28901260667e-07
0.000282170545436
2.09516428069e-06
1.27281230052e-07
1.34090513964e-06
5.74766331541e-05
0.000105238563397
7.91588426315e-05
0.000126909256865
0.0
0.0
0.000174856736593
4.90528816648e-05
0.000130529374233
0.0
0.0
5.51551996892e-05
0.000192089426188
0.0
0.0
0.000227384095251
9.22899019331e-05
2.33143135116e-05
2.6966928704e-05
0.0
8.34841690026e-05
0.0
2.65908307353e-05
3.2318546526e-05
4.01558693058e-05
0.0
0.0
0.0
9.39891451991e-05
4.27640602035e-05
2.98133846026e-05
0.0
0.000137197733035
8.47960656186e-05
0.000174104624887
0.000110128788664
0.0
2.83074000009e-05
0.0
1.70528153629e-06
0.000376841249981
0.000380194491248
0.00015355914269
5.30404003019e-05
0.000159614493914
4.3938839476e-05
0.0
4.11825491013e-05
0.000534481418123
0.0
0.0
0.000200270241146
0.0
2.94161065009e-05
0.0
3.13771802676e-05
0.0
3.77129570525e-07
5.14781863766e-05
0.000116166307896
1.40076697623e-05
3.99894482782e-05
3.72523989043e-05
0.0
5.82164871246e-05
0.00129770065533
0.0
0.0
0.0
1.65290503196e-05
0.0
2.94161065009e-05
0.000117509871878
0.0
0.000198009508917
0.000254860440779
3.7174840994e-05
0.000147050022124
0.00017617248438
0.00021390488775
0.0
0.00135245934722
2.16294900742e-07
0.000371154732685
0.000121985965013
8.00710376821e-05
5.60306790494e-07
0.0
4.46063490928e-05
0.0
0.000224720341256
0.000133779547476
5.40544695742e-05
5.01410906266e-05
3.13627606076e-05
9.14027964565e-05
1.96107376673e-05
5.59424008711e-05
9.93823576638e-05
2.94161065009e-05
0.000503329540562
4.09792670645e-05
6.75054708511e-05
3.03062744369e-05
0.000217683746853
0.0003099274717
0.000281239820369
2.94161065009e-05
0.000284530273828
0.0
3.0927335651e-05
0.0
0.000152705068316
0.0
0.0
0.000184523104792
2.78168544624e-05
0.000280942157846
0.000181575750881
0.0
5.17206268148e-06
7.77229329995e-05
2.94161065009e-06
7.6835840991e-05
5.50533634818e-05
4.45698583347e-07
7.78203875686e-06
0.0
5.33368964028e-05
1.40076697623e-06
0.000193042704085
1.00855222289e-05
3.87831176691e-05
0.000165120374572
0.0
0.0
3.95016287298e-05
0.000258188644924
0.0
4.94388344553e-08
0.00022963054608
0.0
0.0
0.00103000953478
3.94666095554e-05
0.0
0.0
9.89669766584e-05
5.14781863766e-05
5.37051603595e-05
0.000149067384184
0.0
1.94519462692e-06
6.48698165262e-05
0.000139923136148
0.0
2.4686485455e-05
0.0
0.0
0.000110073528109
4.95502333303e-05
0.000369843451438
0.0
0.000148852975928
0.000125933684521
0.000122247493457
5.87754251515e-05
6.63186892625e-05
2.1839230584e-05
0.0
0.0
0.000482715604925
0.000151324950673
0.0
0.0
4.18362403569e-05
0.000514583075212
0.000217459792988
0.000356349595932
0.00141950565246
0.0
0.0
0.000199896650836
0.0
7.37245776966e-08
0.0
5.75941830035e-05
0.0
0.0
0.0
0.000235277192446
4.90268441682e-06
5.81147469896e-05
3.89143335901e-05
3.24923006448e-05
0.0
0.0
0.0
3.30025386154e-05
5.88923071929e-06
5.34430734836e-05
0.0
0.0
0.000389743303573
0.0
0.000131525896593
6.52081178592e-07
5.43566310268e-05
0.0
2.8007005442e-05
2.8513043294e-05
6.53691255576e-07
9.17851471979e-05
0.0
4.41241597514e-05
2.94161065009e-06
0.0
0.000206931129349
0.0
0.0
4.21206920282e-05
0.0
3.83997348647e-05
8.0681080312e-05
8.98710748159e-05
0.000718350790821
0.0
0.0
1.17095781014e-05
0.0
4.08856343918e-05
2.94161065009e-05
2.28816090606e-05
5.34838300017e-07
1.78863452172e-05
6.53691255576e-07
7.78661642671e-06
0.000191674536417
3.40120047421e-05
0.0
2.68894855764e-07
0.0
0.0
0.0
0.0
0.0
9.80095200083e-05
1.72024014625e-07
3.37880915648e-05
1.54821613163e-07
5.17206268148e-06
7.25634913024e-05
3.96978495289e-08
0.00611586284644
0.00013145282538
0.0
0.000116655607131
6.54559847317e-05
0.000126987749522
0.0
0.0
0.0
0.0
3.15066722346e-05
0.000429467065311
1.26809416203e-06
0.0
4.33219023014e-05
0.0
9.80536883364e-06
4.48775929583e-05
0.000284607676607
0.0
5.70270265002e-05
2.64744958508e-05
0.0
0.00016603746526
4.57271722967e-05
0.000199402836347
5.81147469896e-05
0.000120873796754
2.51926047747e-05
5.48732224791e-05
0.0
4.56326780335e-05
1.47080532505e-06
0.0
4.40323519887e-05
0.000157012523178
4.40979421877e-05
0.000115953859763
0.0
3.59224727363e-05
0.0
0.0
1.73035920594e-06
8.97988012058e-05
0.00745779614278
0.0
0.0
0.000227872211603
0.000101240956211
4.3230958137e-05
7.81401378081e-05
1.72889102237e-05
2.94161065009e-05
0.0
0.0
0.0
0.0
4.41241597514e-05
3.87054032907e-05
0.0
1.96107376673e-06
0.0
0.0
0.000125363613226
0.0
0.0
0.0
0.0
0.0
0.0
0.0
0.0
1.58551566242e-05
4.84617890151e-05
0.0
0.0
0.0
3.80916812512e-05
8.2236047183e-05
5.34392601433e-05
0.0
0.000174907615296
0.0
1.55732328534e-05
3.44742418871e-05
4.57365277144e-05
0.000101410771599
3.14663199843e-05
0.0
0.0
3.50191744059e-05
2.29955973451e-05
5.54078935291e-05
0.000576450308887
0.0
0.000108103093586
0.0
8.79647267675e-05
0.0
3.97246634717e-05
9.94438549139e-05
0.000324868850982
0.000278865742162
0.0
7.979457614e-05
2.46581582977e-05
0.0
7.00383488117e-07
5.06518859113e-05
4.31857012436e-06
8.1711406947e-07
0.0
3.35500773332e-05
0.0
0.0
0.0
3.82816246289e-05
0.000252674375784
1.96107376673e-06
5.57357807386e-05
8.72900767016e-05
0.0
0.0
4.65826906466e-06
0.0
3.65392532294e-06
3.37300195889e-05
0.000273361321735
3.95675471757e-05
0.0
4.01366430924e-05
0.0
2.80153395247e-07
8.06925944689e-05
0.000177935698352
2.53786016871e-05
0.0
6.84870887761e-05
0.000133254637807
0.000105405058393
4.91698740498e-05
0.0
0.0002691737313
3.36453769668e-05
0.000736355582253
0.0
5.39921846152e-05
0.0
7.40753080677e-05
7.00383488117e-07
2.69647642925e-05
0.0
0.0
0.0
3.01966526932e-05
0.000108024994181
5.26065819964e-05
2.73129259395e-05
9.9455016073e-05
0.0
8.22170210514e-05
2.96316091126e-05
0.0
2.09516428069e-06
5.14409319358e-06
8.48497379379e-05
0.000426404697535
5.59451149348e-05
3.95447292522e-05
0.0
2.45134220841e-07
3.51905342351e-05
0.0
0.0
6.18134413038e-05
0.0
0.0
0.000193445029183
0.000213810250707
0.0
3.78220925154e-05
3.83408281178e-05
1.458548614e-05
2.45134220841e-07
0.0
0.000675137189564
1.96107376673e-06
2.55187773613e-05
0.0
3.28739998365e-05
0.0
0.000783555883176
0.00109983488424
7.76739021332e-05
7.75929496557e-05
1.28025564731e-06
0.000123841732061
8.1711406947e-07
2.12753252092e-05
0.0
7.93056991387e-05
8.59102134893e-05
0.0
0.0
0.000903803787989
1.69447618093e-06
2.90222515846e-05
3.81871531558e-05
0.00012443128856
9.50792040157e-05
2.1771337128e-05
0.0
1.5085182821e-06
8.85200437817e-05
0.000282352430053
0.0
3.86180680217e-05
9.0411715953e-05
1.76673312318e-07
0.000206195838654
8.10519168451e-05
0.000358454551392
5.60306790494e-07
0.00110882950167
0.000237544540961
0.0
3.95728915253e-05
0.0
1.68996838783e-05
0.0
0.0
0.0
7.57048366091e-05
2.45134220841e-07
0.0
0.0
5.43089029744e-06
0.0
4.70657704015e-05
7.45671497693e-05
4.30231180558e-05
4.5481683343e-05
0.0
1.54821613163e-06
0.0
0.000133191291211
8.7748727387e-05
0.0
7.13470681367e-05
3.61952954592e-05
0.0
0.0
0.0
0.0
4.71554276201e-05
0.0
0.00017412751612
3.68340811838e-05
3.07127375112e-05
0.0
0.000115312853594
1.05057523218e-06
0.0
0.00057821289007
0.0
0.0
3.5991495302e-05
8.51549335928e-05
0.00020596136964
0.000106272119518
8.65179602968e-07
0.0
0.0
9.90765560899e-05
0.000473562057612
4.47247334844e-05
0.000226490331428
0.0
0.0
0.0
2.01618892473e-05
0.0010458748857
5.09311284855e-05
0.000136906518063
0.0
0.000100515657053
4.18436792331e-08
0.0
4.6995637534e-05
0.0
0.000455707502819
0.0
0.000158641586141
6.029673972e-05
3.92214753346e-05
2.94161065009e-05
1.05057523218e-06
3.03700224734e-05
0.0
9.86627174565e-07
0.000101635797588
0.0
5.27081469939e-05
0.0
0.0
0.000157961207929
0.0
0.0
0.0
2.94161065009e-05
0.0
0.0
0.000395910696714
6.16523831865e-05
0.0
0.000101973975839
0.000126790096777
9.43512065333e-05
3.93140637354e-05
1.58067610064e-05
0.0
3.52292350324e-05
0.0
0.000156372703982
0.0
0.00016848276066
6.94681012087e-05
3.92214753346e-07
0.0
0.0
3.79562664519e-09
0.0
1.40076697623e-06
0.000124375812373
4.14781963369e-05
0.0
0.0
0.0
0.0
4.18436792331e-08
0.000136316153615
0.000787587441151
0.000103567897386
0.0
0.0
0.0
0.0
4.65076782623e-07
4.02720505667e-05
0.0
2.03649968083e-05
8.09807214482e-05
3.92214753346e-05
4.73459237967e-05
0.000142464756806
6.11243771448e-07
0.0
0.0
0.0
0.00123735177894
4.92294905137e-05
4.43404546521e-05
0.0
0.0
0.0
0.0
0.00446022476894
0.0
0.0
4.48881602467e-05
5.96505321305e-05
0.0
6.51200097122e-05
9.31247331477e-05
0.0
0.0
6.53691255576e-07
0.000288592604378
0.00187412127603
0.000538718469763
2.20416709211e-06
8.99369899013e-05
0.000119139101548
0.0
0.0
0.0
0.0
0.000135953562293
7.46535073755e-05
0.0
3.92214753346e-05
1.53600726614e-05
0.0
1.30774577387e-07
3.33346257758e-05
0.000197187561655
4.45698583347e-05
0.0
5.13432634733e-05
8.99894602497e-05
0.000175122952265
5.04276111444e-05
4.41241597514e-05
5.63017952383e-05
0.0
0.000302494673963
2.94161065009e-05
0.0
0.0
2.94161065009e-05
0.0
3.35226284911e-07
9.13929157161e-06
3.05865086163e-05
7.51934258493e-05
0.0
0.0
0.0
0.000107485594724
8.22045336548e-05
9.47514619816e-05
0.0
0.0
0.000129079424631
0.0
7.64121547858e-05
5.60306790494e-06
0.0
4.56240118058e-05
0.0
8.85750824609e-05
0.000110554054607
2.94161065009e-05
0.0
0.0
0.0
5.60306790494e-07
2.94161065009e-06
0.0
3.92214753346e-06
0.0
2.37631160832e-05
0.000162479679677
0.000106307937137
3.85200760618e-05
6.22263791366e-05
0.0
9.80536883364e-07
7.05311861446e-05
7.42889324626e-05
8.9916971198e-05
6.44488192474e-05
0.0
0.0
0.00011430965935
0.0
0.0
0.0
0.0
8.82483195028e-07
2.12690302645e-05
0.000237672478423
7.84429506691e-06
0.0
0.0
3.91822930414e-08
8.67143890266e-05
0.000281836757878
1.76496639006e-05
6.50700274798e-05
5.84179484094e-05
9.3173345195e-05
0.000230353145611
1.30824263123e-05
2.14365649673e-05
5.4295996472e-05
0.000300200873641
0.0
8.60029647083e-05
7.25105054016e-05
5.3929528585e-05
0.000121566866337
0.0
0.0
0.000100649301249
4.21069248962e-05
9.31708731392e-05
0.000185707370403
0.0
3.33362549785e-05
0.0
5.47748190017e-06
0.0
0.000468450660861
1.06580096018e-07
0.00215923619323
0.0
3.10790773458e-05
9.23175495898e-05
0.0
0.00017757300723
0.000328168650526
0.000173362398594
0.0
0.0
0.00016411408347
0.000151128650763
0.0
3.57635554267e-05
0.0
4.81354470015e-06
6.46360254424e-05
3.5873300611e-08
0.0
5.80591238568e-05
7.01910537961e-05
4.4871235472e-05
0.0
0.000143998747189
3.97860268735e-05
0.0
7.25289196605e-05
0.000188571551885
5.05725562567e-05
0.0
5.47144089133e-05
5.09755060756e-05
0.0
2.66729265208e-05
1.06580096018e-07
0.0
5.85564370034e-05
0.000133074472819
9.63170252893e-05
0.000258447485471
0.000307389773016
3.76567888186e-05
5.0390157482e-05
5.62963417518e-05
0.000213140370421
0.00161662733847
4.65199998721e-05
0.0
2.94161065009e-06
2.67146870595e-05
0.0
0.0
0.000135453883456
6.17381957834e-05
0.0
0.0
0.0
6.59862688698e-05
0.000127164491562
7.02105470131e-05
0.0
0.00405571324321
4.02134060164e-08
2.94161065009e-05
4.49282815923e-08
0.0
0.000176796741406
0.0
0.0
0.0
0.0
2.16294900742e-07
0.00305770466655
0.0
0.000339568500866
1.5839441962e-05
1.91013678578e-08
2.78496574092e-05
0.0
3.68444162234e-05
2.78480730619e-05
0.0
7.76139762732e-05
7.37138335712e-05
0.0
0.000135385747042
0.0
0.0
0.0
0.000195849055119
4.06372237758e-05
6.35944768841e-05
5.24468986037e-05
0.000109467763763
2.94161065009e-05
0.0
1.31241090543e-05
6.25237201785e-05
0.0
1.24127890104e-06
1.26069027861e-05
3.08168734772e-05
4.57393838434e-05
5.60306790494e-06
4.81796766319e-05
4.82321167856e-05
0.000213201859599
0.0
1.98558718881e-05
6.73121875046e-05
0.0
0.000205188863753
6.52081178592e-07
0.0
0.0
0.0
0.0
0.00012831526456
0.000155683947337
6.50151141937e-05
0.00011079639407
5.3290048009e-08
0.000347533643097
8.17068679093e-05
3.68019687392e-05
0.0
0.0
0.0
3.87798849064e-05
0.0
0.000281264733646
3.93488177869e-05
1.73697351672e-05
0.000187117938809
0.000155200655715
4.90268441682e-06
9.64053062301e-05
0.0
3.29636322308e-05
8.03679551063e-05
0.000122907913611
0.0
0.000136613514555
0.000311011611866
2.94161065009e-05
0.0
0.000326389471553
0.000152192677845
0.0
2.94161065009e-05
5.73023869364e-05
0.0
0.000128408424534
6.3260444088e-08
7.76219432935e-05
0.000224893192238
0.000163343085754
0.000242349650003
5.38756529321e-05
0.0
4.98050480439e-06
4.1522819718e-05
0.000371564114729
0.0
4.73617815361e-05
3.6972598941e-05
1.21527147059e-05
0.000374472966082
5.15796952168e-05
0.0
1.62998339053e-06
0.0
1.8113366072e-06
0.0
0.0
0.0
5.76503396861e-05
0.000127444751803
0.00049249830056
0.000755063336298
1.93126636617e-05
7.59470386024e-05
0.00020414637996
0.0
0.0
0.0
0.0
0.000104562771212
0.0
5.84193553667e-05
0.000245819652832
0.0
0.0
0.0
3.49499862831e-05
9.62173079818e-05
0.000195391024675
4.54430953491e-05
4.90607574739e-05
0.0
0.0
0.0
9.80536883364e-07
5.81058893845e-07
0.000613055360235
0.000277573312222
5.46299120731e-05
0.0
0.0
0.0
9.80536883364e-06
0.000378869392799
3.92681675671e-05
0.000333619544499
0.000456536819258
0.000137855400855
0.00100555498815
5.20283550676e-05
0.0
0.0
5.06727453653e-05
0.0
0.0
6.08609100019e-07
0.0
4.49122625022e-05
5.3525461188e-05
0.0
4.29135687775e-05
1.79585509773e-07
0.000201552614143
2.77505370004e-05
0.000107516449834
5.79726256704e-05
0.000555003046237
0.00022342912716
0.0
0.000229960284379
0.000159442865229
0.0
2.94161065009e-05
0.0
0.0
0.00124032425863
6.30420816009e-05
6.59497395601e-05
0.0
0.0
1.97755337821e-07
4.33606190887e-05
0.0
0.0
0.000761432539722
3.08250056512e-05
3.56761711294e-05
9.77946453359e-05
0.0
0.000138331448822
1.54821613163e-07
5.38642059111e-05
4.42779024683e-05
1.05057523218e-06
2.94161065009e-05
0.0
0.0
0.0
0.000215626117657
1.76496639006e-05
7.55889411597e-05
0.0
5.2779104531e-05
0.0
4.90268441682e-06
0.00021346839245
4.43611216917e-05
0.000149553498012
0.0
0.0
3.89509824012e-05
5.76673908177e-05
0.000156580921172
3.68462617662e-05
0.000167833438753
5.29489917017e-05
0.000249683990223
0.0
0.0
5.01709801184e-05
4.0038589404e-05
2.24122716197e-05
6.43588122381e-05
3.19456830351e-05
0.0
0.0
5.91704334867e-05
0.0
0.000680412031906
3.87054032907e-06
4.09503166815e-05
0.0
0.0
0.0
0.000196924233658
0.000335146127929
0.0
0.000152285157877
0.0
0.0
0.00043231402
2.01710444578e-05
0.0
0.0
4.73733364468e-05
5.01410906266e-07
0.000247460570605
0.000279391596579
9.13146243179e-05
7.03334833393e-05
0.000164831865687
5.08960190958e-05
0.000124916967939
7.01203411592e-05
6.21492162603e-05
0.0
7.00383488117e-07
0.000108274570865
0.0
2.94161065009e-05
6.88096058501e-07
0.000337380030582
0.0
0.00153003656244
0.0
6.86546503861e-05
0.000229965908012
4.87029685501e-05
0.000760239985967
4.23947533467e-05
0.0
0.000128503392583
6.44668437775e-05
0.000951998905756
0.0
0.0
0.0
0.000161166789452
0.0
0.0
0.000275903814844
3.93989168292e-05
4.96786752202e-05
0.000343276762935
0.0
0.000122400164987
7.04978234822e-05
0.0
0.0008190190449
4.88274389418e-05
1.27342452385e-05
0.000128732740376
2.16294900742e-07
0.00475659891783
7.01289857185e-05
0.000963277858355
4.75161587364e-05
5.66908106129e-05
0.00012977687966
0.0
0.0
3.72057374907e-05
3.8177267225e-05
0.0
0.0
4.32589801484e-05
0.0
0.0
1.62373309585e-05
7.54398899675e-05
6.72005503965e-05
0.0
5.0936980954e-07
0.0
1.16269195656e-07
3.50191744059e-05
0.0
3.71455639148e-05
8.29951665105e-05
3.95000628981e-05
0.0
0.0
0.000117005326797
0.0
9.21316963707e-05
9.45275721536e-05
1.40076697623e-06
0.0
0.0
0.00179086126433
6.68547875021e-06
0.000259321325201
2.94161065009e-06
0.00010010842757
9.79231394194e-05
0.0
9.90342252198e-05
1.29301567037e-06
0.0
6.09801795705e-05
3.07444200129e-05
2.13935320007e-06
0.000700922365668
1.71323692651e-05
8.29460684749e-05
7.92794926256e-05
7.83944733462e-05
0.0
1.96107376673e-06
0.0
0.0
0.0
0.0
0.0
0.0
0.0
0.000115231357876
0.000169684371614
0.000169248536083
8.5422839581e-05
2.16294900742e-07
0.0
0.000208461466147
3.03700224734e-05
8.58249926339e-05
0.0
0.0
0.000215534899753
8.21194510181e-05
0.0
4.72850912373e-05
2.54907063726e-06
0.000301544512542
8.95293661771e-05
2.78678903693e-06
6.06392630388e-09
0.000110387812196
0.0001288509668
9.19094471807e-05
4.01128725013e-06
5.42781516177e-05
1.2225992468e-06
0.000255176267915
0.0
0.0
0.000121684110917
0.000126482453028
0.0
0.000261338222661
4.68728778998e-05
0.000914661810417
5.48421494938e-06
4.9909010639e-05
0.0
0.000246200475648
4.92931378397e-05
0.0
7.84429506691e-06
3.15819871724e-05
1.5361744506e-05
6.72768189139e-05
1.67408736184e-06
7.55065835318e-06
0.000285943142985
0.00022386758949
0.000261977201529
4.96742886751e-05
7.8352976163e-05
0.00874740204988
1.99656831454e-07
0.0
0.000148737122282
0.000260112883207
6.09117399916e-05
1.92109847154e-05
0.0
0.0
0.0
0.0
4.538485003e-05
0.0
0.0
3.79778955351e-05
0.000110487658263
0.000373363829548
0.000418515550236
3.23253917593e-07
0.0
0.00333528776764
0.00585039572961
0.00224795434018
0.00674338575383
3.76554636152e-05
0.000142216441354
0.0
6.51952715003e-07
0.0
0.0
1.72326914053e-05
0.0
3.32610883095e-05
3.48437553218e-05
0.000311492383312
1.75095872029e-05
5.3722447452e-05
3.04087995077e-05
0.0
0.000112948973837
7.7501660848e-05
5.20327063615e-05
7.77219419161e-05
5.41797330322e-05
7.84429506691e-06
1.76673312318e-07
0.0
0.000546949626511
0.000236032815023
2.94161065009e-05
4.54746831412e-05
0.000181121697661
0.00252032392608
0.000513207690059
0.000187756262798
0.00100135388261
3.39607897174e-06
0.0
9.51057790379e-05
1.39264658797e-06
0.0
0.0
0.0
0.0
0.0
0.0
5.51000995896e-05
0.000122326208364
0.000199760241131
0.0
2.58036021938e-07
0.0
0.0
0.000130133260564
0.000604825334861
0.000152700036147
0.000310065887079
5.59763717157e-05
0.0
0.000135993348465
0.000148021867182
0.000105548241362
0.000189288978201
0.0
0.0
0.0
0.0
0.0
7.14259630972e-05
4.18362403569e-05
8.1711406947e-07
3.70583648528e-05
0.0
6.19571672832e-05
0.0
0.000437335639782
0.00341977264685
0.0
3.37584841272e-05
4.00724974284e-05
0.000137689826328
4.31561303807e-05
4.23585502485e-05
3.29180239415e-05
7.1068038893e-05
0.0
1.40076697623e-06
1.05057523218e-05
0.000206480932869
0.00137167114007
0.0
2.72332446296e-05
0.00010071723685
0.0
0.0
0.000128938621176
0.000891494067665
0.00033954731804
0.0
9.03887702162e-05
4.01859378428e-05
2.53786016871e-05
0.0
0.0
0.000811631248052
0.0
0.000282874999813
0.0
0.000341198791461
0.0
0.0
9.22753771541e-05
0.0
0.0
0.0
7.04852510661e-05
0.000110886220392
3.77129570525e-05
0.0
0.0
0.000941938248034
0.0
0.0
3.92214753346e-05
9.80536883364e-06
6.44722003465e-05
2.89813857152e-07
4.51294949018e-05
0.0
0.0
0.0
0.000620059608076
2.24900920073e-05
0.000113805949696
4.98005797682e-05
0.000115569307424
0.000800774895176
2.62070767008e-05
5.72005596431e-05
5.25287616088e-05
1.67427641744e-05
0.0
5.05852125607e-05
0.000671826124613
7.5768759169e-06
8.03224748337e-05
1.47080532505e-05
3.34719281182e-05
5.88679260294e-05
8.08520125723e-05
0.0
0.0
0.0
6.80510827713e-05
0.0
0.000159767233485
0.0
0.0
4.02994440013e-05
0.000193870296396
0.0
0.000116231510939
0.000241475253039
0.0
4.79564184949e-05
0.000119570067294
0.00182674104316
0.0
0.0
0.00022645272842
0.0
1.14608207146e-06
2.94161065009e-05
8.14337512958e-05
2.43309400341e-09
0.0
9.6525627553e-05
0.0
3.37167068666e-05
0.000200881693751
0.0
0.000136413809771
9.85228447399e-07
9.83647817007e-05
0.000198524796106
0.0
2.13935320007e-06
0.0
0.0
0.0
7.96264024515e-05
0.0
0.0
8.08056757645e-05
0.0
5.70229729697e-05
4.2023009287e-06
0.0
0.000104133418513
0.0
7.22158761551e-05
7.06066377573e-05
2.04278517368e-05
4.59960168721e-05
8.73503919539e-06
2.58748541691e-05
0.0
0.0
6.7246247905e-05
7.24534642879e-08
8.30016449553e-05
0.0
4.61569474255e-05
0.000575622942008
0.0
0.000226489485033
4.0038589404e-05
0.000351470334093
2.62070767008e-05
0.0
0.0
4.09260157663e-05
0.0
1.05057523218e-06
0.0
0.0
0.0
0.0
3.55381441297e-05
3.3201754577e-05
0.000411302685949
0.0
0.000527046668978
5.33759996992e-07
0.000286428653951
0.0
7.60871153e-06
0.0
0.0
0.0
0.0
0.0
0.000166201741331
8.35572850219e-05
4.32345597564e-05
3.9272787257e-05
5.04401176856e-05
0.000121600816311
6.19827120289e-05
0.0
0.0
5.00970382702e-05
0.0
0.0
1.72024014625e-05
5.38388907219e-05
3.76578284774e-05
1.96107376673e-06
2.7249332308e-05
0.000469104244948
2.94161065009e-05
0.0
3.6784275485e-05
6.20607931348e-05
5.60306790494e-06
1.40076697623e-07
5.46259553527e-05
0.000107810224025
3.37167068666e-05
5.00775225155e-05
0.0
0.0
2.65009968477e-05
0.0
5.70552859805e-05
0.0
0.0
3.23393037595e-05
5.08118215151e-05
9.80536883364e-06
8.43340084279e-05
0.000153158562255
0.0
0.000200301044655
9.06137058596e-05
0.0
7.73014047006e-05
3.76712193925e-05
0.000223286486679
4.90268441682e-06
0.0
2.67853977895e-05
2.94161065009e-05
0.0
9.90624732777e-05
0.0
0.000362585137226
0.000204544483736
0.000274697963942
6.92773407313e-05
0.000234659477896
4.41699992159e-05
4.34700423607e-05
2.94651222052e-05
7.73995176797e-05
0.0
4.70657704015e-05
0.000124257475662
2.62070767008e-05
0.0
0.0
0.000114194900437
0.000418612240346
9.92962774421e-05
0.0
3.89263592795e-05
0.000116101846291
0.0
8.6711817613e-05
0.000215655571698
0.0
3.23253917593e-07
5.267422372e-05
3.49874022735e-05
0.000433758033766
9.53606767908e-05
4.24549160111e-05
0.000192458559235
0.0
0.000136209920438
0.0
5.88322130018e-05
5.10279398485e-05
0.0
0.0
0.0
0.000645959286987
0.0
1.99609294113e-05
0.0
0.00419372942897
0.0
0.0
0.000121519513165
4.97524000016e-05
4.06505979176e-05
0.0
7.31788001339e-05
0.0
0.0
0.0
3.11281550274e-07
0.0
0.0
0.000215358373205
4.90268441682e-06
7.69526547198e-05
4.53909552082e-05
0.0
0.0
0.000213794549147
4.83238280497e-05
0.0
0.0
0.0
0.0
0.000257605725743
0.0
1.68092037148e-05
0.0
0.000127626904884
9.85805605305e-05
1.22426479055e-05
0.000152135730752
3.13771802676e-05
0.0
0.0
4.18203634734e-06
5.74527517179e-05
0.0
0.0
2.68899834422e-05
0.000929335663699
5.02013395613e-05
3.11281550274e-07
0.0
0.0
8.30197315852e-05
0.000164692327274
3.54945478141e-07
7.93761809485e-05
0.0
0.0
9.43598274152e-05
0.0
4.53538791825e-05
0.000176437836236
0.0
0.0
3.46725613425e-05
0.000293348493996
3.43485041566e-05
3.45055598479e-05
0.0
8.70218517541e-05
6.25675916051e-06
0.0
0.00025057497224
0.0
0.000304248471822
0.000140458856951
4.90268441682e-06
0.000377108015321
0.000117801768324
0.00109111926321
0.0
9.07409634131e-05
2.86520517866e-05
0.0
0.000943835496636
0.00530509526475
0.0138091374429
0.00348442726702
0.00406451413622
0.00169093635928
0.00689909254967
0.00182305984935
0.00665735831339
5.40324549919e-05
7.26319571111e-05
0.0
0.0
0.0
0.0
2.24122716197e-05
0.0
1.03996336114e-06
0.000777612167425
0.000452870710636
9.45966175856e-05
5.49100654684e-05
0.000522030435565
6.66501357501e-05
0.000175035915667
0.0
0.0
5.31989786182e-05
8.87313935737e-06
0.000165158229178
3.29547375921e-05
0.0
0.000114228114813
7.28553121743e-05
0.0
5.29941834712e-05
0.000138064839624
1.96028965016e-09
0.000670420620911
2.36447376538e-05
0.0
0.000120611793534
0.000214151056494
0.000131237725594
5.41062018973e-05
0.0
3.62044387704e-07
2.94161065009e-06
2.57901556054e-05
9.23277443344e-05
0.00021344246835
0.0
7.4130615332e-05
5.43497586779e-05
0.0
0.0
3.9608806349e-05
2.18686733242e-05
5.70702743293e-05
0.0
0.0
2.99175174072e-05
0.0
0.0
0.0
3.50191744059e-06
0.0
0.0
0.00214357448417
0.000186297925107
0.0
7.72170695574e-05
5.32844171092e-05
0.0
9.17461411335e-07
8.71693093946e-05
2.56932124518e-06
0.000696712529066
3.77129570525e-07
0.000879330452373
0.000322733517127
0.000789863371071
0.0
0.000263908058532
4.90268441682e-05
0.0
0.00172464124927
3.05621885724e-07
0.000324681866807
2.40148393875e-05
3.33858914538e-05
0.000153059024943
0.0
0.0
3.72012896174e-05
0.0
0.0
7.84429506691e-06
5.14781863766e-05
0.0
5.50877206896e-05
0.000101396341195
0.00012787361738
0.0
7.97818887057e-05
0.0
5.92853315391e-05
4.47207482647e-05
0.0
4.30532524345e-05
2.94161065009e-05
0.0
7.59238408144e-05
5.187040113e-05
0.0
0.000141614825964
0.0
0.0
0.0
0.000354506217923
0.000136737932027
0.000126551791941
0.000342931549631
2.39397893955e-05
0.0
5.14781863766e-05
0.0
0.000414110673809
1.06751999398e-06
0.0
1.69466900894e-06
0.000141383335508
4.391664464e-05
0.0
0.00367745811833
2.83279594241e-05
0.0
1.96107376673e-06
7.93672119165e-05
0.000112102201348
0.0
8.02760211069e-05
6.76232333355e-08
0.0
0.0
3.61334208642e-07
0.000113466994051
5.61229648737e-05
0.000193768269747
0.000112320744496
0.000368687561383
0.0
2.40538227234e-05
1.27469794837e-05
1.12061358099e-06
1.86900886474e-05
0.00158773205852
0.0
3.24060186943e-05
9.92818970619e-05
4.90268441682e-06
9.03775790034e-05
4.59881776009e-06
3.49581772586e-05
0.0
0.000305448107583
4.24037854629e-05
0.0
0.000188875713987
0.000123119205624
5.05613713862e-05
0.000133628737309
0.0
3.19573899286e-06
4.90268441682e-06
7.64859364355e-05
0.000170384756667
1.95413600576e-07
2.94161065009e-05
0.0
0.0
0.0
0.0
0.000686743554363
0.0
0.0
8.88707218511e-05
1.28538697921e-06
4.82043582933e-05
4.28806645165e-05
0.0
0.000139223593803
0.000233679853806
9.93406188672e-05
2.62824319252e-05
0.0
0.00158943040227
1.78279433339e-06
0.00153360200449
0.000460976281658
0.0
0.0
2.29570143327e-06
5.64976013748e-06
0.00022459025806
0.0
4.8984286515e-05
7.53808481511e-05
1.92262133993e-07
9.74379412626e-05
3.02548109211e-05
4.28236824295e-05
3.04493665832e-05
3.73933764748e-05
0.000359264493314
0.000209812578044
3.5470658426e-07
9.47618759644e-05
0.000267416219207
7.32909772142e-06
1.16269195656e-07
0.00068407250944
0.0
0.0
0.0
1.67360141486e-05
0.00010000570802
0.000329536870041
2.94161065009e-06
2.37449649056e-05
8.57916570284e-05
5.06883796158e-05
0.0019011291585
0.0
2.42411661881e-05
1.40076697623e-06
5.75545437296e-05
8.06047165874e-05
0.000483221048153
0.0
4.16298115393e-05
0.00015919798857
0.00821142297973
0.000229907535071
0.000341163584944
0.000523380829187
0.000323265011137
0.000324941472369
5.48938246918e-05
3.74498868953e-06
9.80536883364e-06
2.85544225731e-05
7.75750360411e-07
0.000135902358641
2.94161065009e-05
9.90836991939e-05
0.0
0.000115088661473
2.94161065009e-05
3.54043447962e-05
0.0
3.98031300827e-05
1.77955877199e-08
0.0
0.000481058620968
0.0
0.000203762658861
7.88089163596e-05
2.94958438494e-05
0.0
0.000407577811809
0.0
1.08847757635e-07
3.42296512011e-05
0.0
4.63127393621e-05
0.0
0.0
0.0
0.0
6.42033270058e-05
0.00287588855169
0.0
0.0
6.90630997262e-05
0.00214554899088
0.0
0.000187569245007
0.0
0.0
1.94506500129e-06
1.08072951553e-07
5.15847664726e-05
0.0
6.36507885921e-05
5.53671767044e-05
1.27342452385e-07
0.0
0.000181405864542
0.000101373111733
0.00108321343665
0.00038072132524
0.0
0.0
0.000266711508347
2.70368625928e-06
6.12444927567e-05
3.7165459687e-05
9.00636649102e-05
0.000201542615077
0.0
0.0
3.47500074183e-05
0.0
0.0
0.00065721384639
2.16294900742e-07
9.97190590758e-05
6.53691255576e-07
0.0
0.0
0.000149609578906
2.49998165873e-05
9.42823926312e-07
3.21662789976e-05
0.00107019731842
4.27904151185e-05
9.26202466827e-05
0.000254526671435
0.000179656643321
0.0
0.000113828209579
0.0
1.32372479254e-05
0.0
7.43150545428e-05
0.0
4.55625817539e-05
0.000465844907272
4.528341518e-05
0.000124197796786
9.80536883364e-08
0.0
5.22953004461e-05
0.000132677823913
0.0
0.0
0.000262750476577
2.16294900742e-07
0.000228161962302
9.04658031069e-05
0.0
0.0
0.0
0.0
0.000264329486265
0.000820909387827
6.54914337392e-05
0.00111261650547
0.000294697250628
7.84322544197e-05
2.94161065009e-05
6.65625552357e-05
0.000147814553703
6.7792662975e-05
0.000430553862971
0.0
0.000132660666986
0.0
7.49762035877e-05
0.0
0.0
0.0
1.96107376673e-05
0.0
0.00114919212979
7.84429506691e-05
1.8113366072e-06
0.0
0.000236609894856
0.0
0.000112534948803
0.00042041618569
3.23727597729e-05
0.000503945176084
0.00013232839927
4.79046388066e-05
0.0
0.00012902491998
0.0
7.13117733356e-06
0.0
0.0
3.40557200466e-05
3.2832611321e-05
0.0
0.0
0.000107446457764
3.30435053907e-05
0.000785636239371
0.000105187841607
6.03090708371e-05
5.49130778705e-05
0.0
4.66835272097e-05
2.94161065009e-05
0.000137303266666
0.00166809210044
0.00036136680759
4.52910272821e-05
0.0
0.0
6.19286452651e-07
0.00495123971202
3.99141538245e-05
8.36511956059e-05
6.53797175189e-05
0.000130067453226
7.84429506691e-06
0.0
1.29126277831e-06
0.0003358574547
3.01783429994e-05
7.26966369105e-05
5.45651616736e-05
0.000298851187283
8.9995475994e-05
0.0
6.34547440234e-05
0.0
0.0
0.0
0.0
4.55973033997e-05
2.94161065009e-06
4.30776171778e-05
0.0
0.0
4.9641807578e-05
0.0
0.0
2.1579110716e-05
0.000162290041516
0.000185137975491
4.51938363514e-05
0.0
2.67853977895e-05
0.0
3.62044387704e-07
0.0
5.2067039803e-05
0.000109604978396
6.53691255576e-07
0.000181799478619
0.000239358961511
0.00133709189334
0.000116937738652
5.67452949292e-05
0.000194738729268
0.000289128377366
0.0
0.000103749911382
0.0
0.0
0.0
7.77635464099e-05
0.000128452004889
0.000373649797403
0.0
8.14599872333e-07
0.0
0.0
0.0
9.54676569957e-07
7.41158886964e-05
0.0
7.64524721054e-06
9.3269425725e-05
0.0
0.0
0.0
1.96107376673e-06
0.00170334423767
5.16525136099e-08
6.53691255576e-07
0.0
0.0
9.17680576798e-05
0.00376431960819
0.0
0.0
0.0
0.000253153716281
0.0
8.63743429715e-05
0.00102330151394
0.0
7.12374437612e-05
5.81033261185e-05
0.000109899158165
1.61946736865e-05
3.08168734772e-05
5.04136911193e-05
0.0
0.00045243049066
0.0
0.000123777588325
4.62174345967e-05
8.33021666323e-05
0.0
0.0
0.00018309434617
5.13907985534e-05
1.14608207146e-06
0.00110708104875
3.33836901287e-05
0.0
6.21282418594e-05
8.4777117518e-05
9.00930136917e-05
0.000284984039549
0.0
0.0
3.96343329697e-05
7.74857427861e-05
0.000312368761446
0.0
1.07645896978e-05
0.0
0.000226022760511
2.23051289674e-05
0.00013015008922
0.0
5.81831909695e-05
5.21343918293e-05
0.0
8.25963796296e-05
0.000304750867484
9.60443472454e-06
7.45973216458e-05
1.16269195656e-07
2.0661005444e-05
4.50942783136e-05
0.000267062961255
0.0
0.000571939005688
0.0
0.0
5.27409990294e-07
7.63806725113e-06
0.0
0.000102442048626
4.11579479588e-05
6.70536261642e-05
0.0
0.000465094040709
0.0
0.000121078630841
9.80536883364e-06
5.88322130018e-05
0.0
0.0
0.0
0.000173116775729
0.000282949398891
0.0
0.000239252821938
0.0
2.99509448009e-05
0.0
0.000553429072333
0.00232269085202
4.86219278286e-05
6.56825977964e-05
2.94161065009e-06
0.0
0.0
0.0
0.000381461106295
0.00018551292317
0.000477694832532
0.000104995913429
0.0
2.26277742315e-06
0.0
0.0
7.40331712999e-05
0.00138524972353
5.7561784771e-05
0.0
0.00010559835681
0.0
0.0
0.000106694110804
4.70657704015e-05
0.0
0.0
4.01128725013e-06
0.0
3.46257315553e-05
0.000758901937192
3.64645112404e-05
0.0
0.000561384445284
7.78449309216e-05
0.0
0.0
0.000700997337037
1.86768930165e-06
3.92214753346e-05
6.21473045048e-05
0.000149997059393
4.77073706428e-05
3.23253917593e-07
0.000204839962935
0.0
0.000906867151064
0.000184315231131
1.79855521092e-05
0.000284920912923
0.0
0.0
7.9718445802e-07
4.82724769168e-05
0.0
0.0
0.0
0.0
2.32074016541e-05
0.0
0.00182837510689
0.0
2.49591206674e-05
2.6147650223e-06
1.69945020235e-05
2.1184479943e-05
0.000209872824925
0.0
0.000653970171346
0.000292442124069
0.000203195342649
0.0
0.0
0.0
9.7501762203e-05
0.00116595579987
0.000116088563155
2.3794361703e-05
0.0
7.81152864785e-05
0.000217112779724
0.00136196964806
0.000135615712012
0.000140739204249
4.32288869448e-05
4.75411822237e-06
0.0001760401253
0.000167763623602
0.0
4.09613950077e-05
7.64292210756e-05
0.000215925172034
0.000322351250838
0.0
0.0
0.000102010024236
0.0
9.80536883364e-06
3.79520302623e-05
2.61648526245e-05
1.39339451846e-06
0.000401442612699
0.0
5.26014069727e-05
0.000146479383433
4.45698583347e-05
6.08359519321e-05
6.08609100019e-07
0.0
1.53160564075e-05
0.0
0.0
0.000462031724832
2.94161065009e-05
0.0
0.0
5.11022936711e-06
0.000113696887246
0.000144982965568
0.000217599479421
3.34206520918e-05
2.74478351173e-05
9.9279969364e-05
0.000482835010741
1.96107376673e-05
0.00049444771553
6.72697638186e-05
0.000133912006471
8.46887456617e-06
4.2023009287e-06
1.37275163671e-05
0.0
0.0
4.89209024263e-05
0.0
1.39339451846e-06
6.94016365498e-06
0.0
7.78676665136e-05
0.000925916118154
5.0326509288e-05
0.0
4.1852184046e-05
8.1936506213e-05
0.0
0.000151561141571
4.80671513172e-05
2.66765458753e-05
0.0
0.0
0.0
4.28236824295e-05
1.54821613163e-07
1.08147450371e-07
0.0
5.36694354924e-05
2.25123264038e-05
3.00470955065e-08
0.0
0.0
0.0
6.6724511943e-05
0.000101772003348
0.000215111714135
5.19612137769e-05
0.000204164842002
7.07837045487e-05
0.000210181358626
0.000222348479036
0.000177436668472
0.0
1.70528153629e-06
0.000176931636418
0.0
0.0
0.0
0.0
0.0
3.76712193925e-05
2.94161065009e-05
2.94161065009e-06
0.0
5.02868663801e-05
3.62377579848e-05
3.97514952715e-07
0.0
0.0
0.0
5.03339075253e-05
2.94200380843e-05
4.35391030541e-05
1.40076697623e-06
0.0
0.0
0.000194239628643
8.75078813517e-05
0.0
0.000260742047316
0.0
3.9681719675e-05
0.000188406906137
0.000102313410059
0.0
0.000107869038119
2.83138035994e-05
9.94544553126e-06
5.53633751059e-05
0.00012537617051
2.64744958508e-05
0.000875828619378
0.000842325414512
0.0
8.65179602968e-07
0.0
8.88710278858e-05
1.26069027861e-05
4.29709899188e-05
0.0
0.0
0.0
0.0
0.0
0.0
3.48648167935e-05
5.06216834897e-05
0.0
0.000377693218899
0.000118351424551
0.0
5.36533208528e-05
0.000145122398437
0.000117649314985
0.0
6.76232333355e-08
5.86397486455e-05
6.08649248669e-05
0.0
5.12115398253e-05
0.000741458606116
0.000190679208154
4.77296537495e-05
0.0
0.000323005566993
0.0
0.0
0.0019062313182
0.0
5.87731263419e-05
3.72829016229e-05
4.4509779643e-05
0.0
0.0
0.0
0.0
0.0
6.5885712564e-05
0.000234183007478
0.0
0.0
0.000234363310535
0.0
0.0
0.0
5.91496577764e-05
7.26550507052e-05
0.00611829574033
2.94161065009e-06
0.0
0.0
0.0
2.1936051766e-05
0.00132533850411
0.0
0.000102638115956
8.03645412164e-05
0.00109794096657
0.0
5.38365358431e-05
0.0
5.08095626818e-05
4.11687586439e-05
8.01529014287e-05
0.000259431926196
3.41650482008e-08
0.000397120534575
3.45881691824e-05
0.000619331927281
0.0
0.0
0.0
0.0
5.14781863766e-05
0.0
9.80536883364e-06
0.0
0.000113013956776
0.0
5.69883454533e-05
0.0
9.06594660034e-05
2.14909979546e-05
0.000700702437236
5.51604177781e-05
0.000272000295593
0.0
0.0
5.00899784037e-05
7.10982885601e-05
0.000317489207649
0.000369703090375
4.50809971515e-05
0.00024016147732
7.47736204186e-05
0.000154473626181
4.45698583347e-07
1.96107376673e-05
0.0
7.0947554929e-05
3.23253917593e-07
0.0
1.01286227512e-05
0.00102342407765
0.000302103314241
0.000171314576938
5.31383911801e-05
0.000631285351071
7.49524452714e-05
0.000316991134007
0.000113971086984
0.0
4.94343400158e-05
0.000207898113214
0.0
0.000128859006147
3.79109465863e-05
0.000181624545266
3.33345472244e-05
0.0
0.00302815453706
0.00242410511686
0.000112759618411
0.00014351005285
0.0
0.0
0.0
8.40014509034e-05
0.000133873050758
0.0
0.0
0.0
2.05326099508e-06
0.0
3.26845627788e-06
0.0
0.000117278438818
0.0
1.40076697623e-07
0.000154486737965
1.043124344e-07
1.00054784017e-07
0.0
0.000127468332681
0.0
0.0
8.9512946908e-05
0.0
0.000197122070746
0.000127110498886
1.96107376673e-06
5.7242153191e-05
0.000454819589195
0.0
2.98761311102e-05
0.0
0.00146910968107
0.000118927234895
5.35088873148e-05
0.0
0.000502992006067
0.000391934211041
0.000389109326581
4.90268441682e-06
0.0
0.000100497390551
0.000200212290277
6.02480419886e-08
4.38952572438e-05
2.94161065009e-05
0.0
2.94161065009e-05
0.0
0.000135523468124
8.72334723352e-05
0.000240926964361
9.90481404105e-05
0.0
0.000159617394809
0.000106624612242
7.94408421876e-05
0.00033331618105
9.27384002396e-05
0.000152948141669
1.6514305404e-05
8.74842432978e-05
2.97132388898e-06
0.0
1.05057523218e-06
0.0
0.0
3.99006611925e-05
2.6162340903e-05
0.000103180619113
0.00104040288573
0.000124572754046
7.79337040942e-05
0.0
0.0
0.0
0.000172029246692
0.0
0.0
0.0
0.0
0.0
5.49801038172e-05
4.01580037752e-05
7.63090082578e-05
3.13771802676e-05
0.000383835584483
1.5085182821e-06
1.76496639006e-05
0.0
5.17206268148e-06
0.0
5.39152016288e-05
0.0
0.00014789821875
0.000216006298707
8.90885317221e-05
0.0
0.000193702235631
0.0
2.66964097569e-07
2.94161065009e-05
0.0
3.96286316023e-05
6.43023732289e-05
0.000309233501056
2.56567168011e-07
0.0
4.94388344553e-08
0.0
8.1711406947e-07
1.59122213528e-06
0.000152912884691
4.17631948971e-05
0.0
0.0
3.32048605973e-05
0.0
0.000283218566216
0.0
4.59085614444e-05
0.000471599277234
0.0
1.05057523218e-06
0.0
5.1241871968e-05
0.00012007959858
0.000115485455152
0.0
0.0
0.0
0.0
0.0
5.06785967461e-05
2.52138055722e-06
1.96107376673e-06
6.65238983576e-05
0.000192837180522
6.03407312839e-06
0.0
0.0
3.20338294022e-05
9.38015577524e-05
2.63517460771e-05
9.48246867787e-05
4.72380949719e-05
0.000131680456561
0.000222049043042
1.40076697623e-06
0.000277820604604
0.0
0.000122493104628
2.94161065009e-05
0.0
3.43187909177e-05
0.0
0.0
0.000212196736705
8.41949799525e-05
1.18852955559e-07
0.000131933702607
6.89749529858e-05
5.40006882359e-05
5.45886386108e-05
0.0
0.0
0.0
4.67787698437e-05
6.23111248748e-05
7.48141766208e-05
0.0
0.000282374981383
7.89545864966e-05
0.000280919574183
0.0
0.0
0.0
0.0
2.29978934761e-05
0.000345793584531
0.0
7.12240324713e-05
5.52580979274e-05
0.000310440783438
0.0
0.000105320316018
0.0
0.000476301324464
0.0
0.0
0.0
3.92214753346e-05
0.0
3.5798108535e-05
0.0
0.0
3.08017198114e-05
9.68582657029e-05
0.0
0.0
1.96107376673e-05
0.0
0.0
0.0
0.0
0.0
5.92803261824e-05
3.94451230212e-05
3.99008645265e-05
0.0
0.0
0.0
0.0
7.48842780148e-05
0.000825810044297
8.47880905465e-05
0.000727757336955
1.66506263213e-06
0.00069493396839
0.0
0.0
0.0
2.04910958598e-05
5.61657197509e-05
0.0
0.0
0.000118185421636
0.000197721031739
5.76951630564e-05
8.82838596071e-05
0.0
4.44949510098e-07
6.99070521061e-05
1.63132710678e-05
0.000120292670291
0.000153777872633
0.0
0.0
0.000406827660773
0.0
0.0
0.000994581184558
0.0
9.55369770024e-05
0.000281747627898
8.06924244933e-05
9.80536883364e-06
6.58875535979e-05
9.80536883364e-06
0.0
0.00024050843407
5.05676878421e-05
6.07932867686e-05
1.67681145502e-05
0.0
0.000589514480703
0.00023495960441
0.0
4.74045107776e-05
0.00138180102019
0.000861489613414
0.0
0.0
0.0
0.000138376079981
0.00311718781062
0.000100861164937
1.96107376673e-06
0.000203261398959
1.40076697623e-07
2.6147650223e-06
0.000102411949934
0.0
0.000233417944298
9.0511096926e-08
5.59071592597e-06
1.40076697623e-07
0.0
0.000364175168546
0.0
0.000168872909151
0.000153720602377
4.42560208069e-05
0.0
5.21785698647e-05
1.32147827946e-07
0.0
1.94665410668e-06
0.001400636981
2.53041776352e-07
5.30631667166e-05
0.0
0.0010492382208
3.0090351669e-05
0.0
0.0
2.94161065009e-05
0.0
2.61506737719e-05
6.53691255576e-07
0.0
6.00281436572e-05
0.0
0.0
0.000232351724982
1.40076697623e-06
6.02783136496e-05
2.94161065009e-05
0.00460701485832
8.54126205021e-07
0.000375330349784
0.0
0.0
0.0
0.0
3.23253917593e-07
0.000104410972285
2.77411396204e-05
0.000108415247208
7.90992840556e-05
6.90896273683e-05
1.48266665831e-06
0.0
0.000185515630744
0.0
4.34005961144e-05
0.0
3.00708565874e-05
0.0
8.44276315183e-05
0.0
0.000123207295458
4.70657704015e-05
5.82747694846e-05
8.20327511574e-05
0.0
0.000534587597792
0.0
0.0
0.0
0.000653251236196
0.0
5.79863234526e-05
0.000128043824635
0.000153774736535
0.000175670174827
4.44949510098e-07
0.000100370248059
0.0
0.0
5.32900480089e-06
0.000166646078497
4.33336251164e-05
5.89830567722e-05
5.35395423246e-05
6.22173108273e-05
0.0
4.22367547429e-05
0.0
5.22963334601e-05
0.0
0.000198678801991
4.78948903042e-05
0.0
9.00619441141e-05
1.96107376673e-05
0.0
4.41462398558e-05
5.39213242561e-05
0.0
0.00077230803048
0.0
0.0
0.000135932568092
0.0
0.00014229888624
0.000202531254426
0.000114933250685
0.00040043594762
0.000257858032703
2.98567233432e-06
0.000118509486234
0.000113785452674
3.08987731592e-05
9.61812583469e-05
0.0
0.0
0.00049119510975
8.15864825556e-05
7.09008595702e-05
5.91533898249e-05
0.0
7.10078671687e-05
7.04019410982e-05
6.16724795714e-05
2.94161065009e-05
0.0
1.58072034665e-06
2.74550327342e-05
2.752384234e-06
3.92214753346e-05
0.0
0.0
0.00530332509714
0.0
0.000208558943167
0.00015041913225
5.18569255484e-05
0.0
0.000247119445959
0.0
0.000357642680009
6.89610211447e-05
4.70657704015e-05
0.00149331527233
0.0
0.0
4.78229658183e-05
0.0
0.0
0.00536383939158
0.0
0.0
0.0
0.0
0.0
0.000185232569894
0.000269611569462
0.00459184568875
5.71874070316e-05
4.65977592819e-05
9.03126076783e-07
0.000107473091483
0.0
0.0
0.0
7.05175470555e-05
0.0
0.0
0.000510610001321
4.26066621938e-05
7.84429506691e-06
0.0
2.11001607813e-06
2.94161065009e-05
0.0
0.0
3.50567037985e-05
5.66532421499e-05
0.0
0.000107222964186
5.04276111444e-06
2.54066236985e-06
0.0
0.0
5.59336953297e-05
0.000211010116916
2.60287972675e-05
0.000759046852572
0.0
0.0
2.6147650223e-06
0.0
5.08478412373e-05
5.34366100437e-05
4.56326780335e-05
3.66307215617e-05
0.0
4.41241597514e-05
3.84135313526e-05
0.00335715305821
0.000134092734664
6.1913301091e-05
0.000604505809852
3.77129570525e-07
0.000396002868744
7.64730032654e-05
0.000112641104078
0.0
9.23151702833e-05
5.20303834636e-05
0.0
4.90268441682e-05
0.0
0.0
0.000341796658913
0.000286252265459
0.000434661093624
0.000279649967947
0.00083727145282
0.000142636270402
3.81496333973e-05
0.000175112260353
8.63366845705e-05
4.30272120965e-05
0.000218698607941
0.000214451250871
0.0
0.0
0.0
0.000126109077287
0.0
0.000185923284408
0.0
0.00010191753634
1.05057523218e-06
0.0
0.0
0.000246569853578
0.000162675832561
9.0208983215e-05
6.08963246131e-05
0.0
0.0
0.0
8.95299779405e-05
0.0
0.0
0.0
6.53691255576e-07
2.20261364415e-06
7.02749483408e-05
0.0
2.94161065009e-05
0.0
0.0
7.46454263711e-05
0.000147278040306
0.0
0.0
0.00023338067871
0.0
0.000104398304311
0.00063061262452
0.000135606226948
0.000141483041084
0.000192634939821
0.000326111943754
5.16398792733e-05
3.38627272511e-05
0.000821402403823
0.000298493706843
0.000646048379588
4.40381477441e-05
5.01410906266e-05
3.17517427224e-05
0.0
2.90789839169e-05
0.0
2.6147650223e-06
1.78553343989e-06
1.01109907194e-05
0.0
0.000123960516371
4.66922325412e-08
0.0
0.0
0.0
1.71355960199e-08
0.000118547831253
0.0
0.000187369738016
1.29570945302e-06
0.00019772427731
0.000171017770747
0.0
0.000112597129083
4.45698583347e-05
0.000885372251504
6.03600464988e-05
0.0
0.0
2.15992390391e-06
0.0
0.0
0.00073665354577
0.000152302865979
0.0
0.000165682885154
0.0
7.88773057172e-05
0.0
0.0
3.15005899864e-05
0.000559978318326
0.0
0.0
3.03450361799e-05
0.0
5.02639824992e-05
8.81802161539e-05
0.0
6.27624148568e-05
0.000123646582201
0.0
5.6574589506e-05
0.0
0.0
0.0
4.19006879569e-05
0.0
3.10952500009e-08
0.0
0.0
0.000158367106896
0.0
8.61510287219e-05
9.47338622888e-05
2.01834185589e-05
0.000196355583417
3.07619414389e-06
0.0
5.91359333939e-05
6.3260444088e-08
4.15481730239e-05
3.18356130962e-06
7.79222890296e-05
0.000122502284976
0.0
0.0
3.99380999355e-05
0.0
5.42727501434e-05
0.000100509085907
0.0
0.0
0.000886236023472
4.76508308703e-07
0.0
0.000134503671775
0.000135840447001
0.0
2.94161065009e-05
0.0
8.1711406947e-07
0.000382286621711
1.40076697623e-07
0.000327320022007
0.000188228204519
0.0
5.03249974145e-05
0.000105662872165
0.0
0.0
8.15459898574e-05
3.23253917593e-07
7.59918972417e-05
9.49993001662e-05
0.0
2.39989569194e-05
0.0
7.31290855725e-05
3.50748155966e-05
2.94372315279e-05
0.000153699410704
0.0
9.65973023335e-05
1.54821613163e-07
2.8421358938e-08
6.80180794531e-05
0.0
0.000436514868517
0.0
3.60335759854e-05
2.94161065009e-05
0.0
0.0
3.59650119246e-05
8.408653191e-05
0.0
6.32183602537e-05
0.0
0.000150753041756
0.000227297325765
0.00014980055829
7.97912825179e-05
4.56326780335e-05
0.000266452730629
0.00067989119165
0.0
0.000130421033739
0.0
0.0
2.22786781353e-06
2.40992167954e-05
4.00616067018e-05
3.77129570525e-05
0.0
0.0
0.0
0.0
0.000281000020616
8.47803600495e-05
0.0
5.91192128845e-05
2.94161065009e-05
2.61481157488e-05
0.0
0.0
0.0
0.000179105173881
0.000184438642674
0.0
0.000309308258772
3.82436850531e-05
4.85152043691e-05
6.56959711854e-05
0.0
4.89386840089e-07
9.12633393313e-05
0.000936394866581
0.0
0.0
3.12263175224e-06
0.0
0.000557631730822
0.0
0.000271385471134
0.000743892596406
0.0
0.0
0.000204055763234
0.0
0.000533476247368
2.20620798757e-06
0.0
0.000111220475359
2.94161065009e-06
0.0
0.000147523245151
0.0
0.0
8.76521077984e-05
0.0
0.0
7.7879060761e-05
5.37571917995e-05
3.40321552072e-05
0.000145308916476
0.000262842278942
0.000179842386522
8.62940387502e-05
0.000210018032063
0.0
0.0
2.9325595404e-05
6.7127466449e-05
6.88096058501e-07
3.92777437579e-05
6.08633251174e-05
9.80536883364e-06
0.0
5.7935741468e-05
2.6147650223e-06
0.0
0.0
0.0
0.000211384619587
7.40504667745e-05
0.0
9.7188800007e-05
0.000172860407237
3.63161808654e-08
0.0
0.000242731259057
0.000197653080828
4.45698583347e-07
4.10089758021e-05
0.000313865583888
3.61970056433e-05
4.64489384254e-05
0.0
3.11111117194e-05
8.1174126463e-05
0.000195092697113
0.0
0.0
0.0
0.000185229037166
1.76496639006e-05
0.000104433966381
7.98049552385e-06
2.1409706546e-05
2.82305906748e-05
3.92214753346e-06
4.22132709433e-05
3.92214753346e-05
8.05089220542e-05
0.0
0.0
4.19488676128e-05
0.000274001564602
0.00010863173503
0.0
1.24714619818e-06
6.08731084575e-05
5.08295703637e-06
0.000519441233035
2.96468210617e-05
2.64744958508e-05
0.0
0.0
0.0
4.00913064408e-05
0.0
5.57357807386e-05
9.44386781891e-05
0.000100719086324
0.0
9.68102749667e-05
2.94161065009e-06
0.0
0.0
0.0
5.29956839342e-05
1.9213759172e-05
0.0
0.0
6.14115563305e-05
0.0
0.0
0.0
1.00054784017e-07
4.98439582377e-05
0.000164735351808
0.0
0.0
3.35226284911e-07
0.0
2.22943122954e-05
0.000357374310006
0.0
0.0
6.83358781791e-05
0.000118264024995
1.92262133993e-07
3.44616289575e-05
0.000291130518518
0.00209720409579
0.0
4.41241597514e-05
0.0
9.74330552563e-06
1.81060774882e-05
0.000141945659868
0.0
0.0
1.54821613163e-07
0.0
2.05587232388e-05
0.0
2.28929814778e-05
2.31238912066e-05
0.0
0.0
0.0
0.000142242261536
0.0
3.74056244668e-05
4.86249847898e-05
5.55133633295e-05
0.0
7.3396042762e-05
0.000762601017873
1.78279433339e-06
0.0
0.0
0.0
0.0
0.000135853326861
2.25123264038e-05
2.94161065009e-05
0.000405231238028
8.8619522923e-05
4.3827718368e-05
5.49100654684e-05
7.06602987337e-05
0.0
0.000116454756538
3.81926667774e-05
0.000164735636456
5.11615269947e-05
0.000107498565669
0.0
8.16505369111e-05
0.000348420290972
0.000779669613701
0.00053683319551
1.29301567037e-06
0.0
0.0
5.72765535234e-05
0.000110000235009
7.64444869183e-05
0.0
0.0
7.24498882586e-05
0.0
0.000100045353566
4.6405887068e-05
0.0
0.0
0.0
0.000149402404745
0.0
0.0
0.0
4.80006771171e-05
0.0
6.22067423564e-06
5.93333650617e-05
0.0
3.58966663622e-05
0.000313746980987
0.0
0.0
0.0
0.000108606248546
0.0
0.0
0.0
0.0
0.000214860010492
5.04081089567e-05
7.93081302721e-05
0.000103175626578
4.22767714204e-06
0.0
0.000124248131223
0.0
4.32589801484e-05
0.0
3.65538382254e-05
0.00014349975872
1.96107376673e-06
3.50191744059e-05
0.0
3.83341116392e-05
0.000134323136205
0.0
0.000135101348008
0.0
4.7593117969e-05
6.40487401462e-05
3.35259356285e-05
3.96978495289e-08
0.000253778996179
3.07965739522e-05
2.84542503903e-05
6.17738236519e-05
0.0
5.16630605234e-05
5.26453677973e-05
0.0
4.90268441682e-06
0.000110171899302
2.23858420542e-05
0.0
4.23938005454e-05
0.00010271683158
0.0
0.0
0.00293049575445
0.0
9.80536883364e-07
9.965909175e-05
2.87298285854e-05
0.000237948135716
0.000140785928374
0.000127323256251
0.000107752464527
0.000143607881288
1.05057523218e-06
6.87795655875e-05
0.000777552344786
6.8219767844e-05
0.0
3.13771802676e-05
0.0
0.0
0.0
2.01350889418e-06
5.93942577166e-05
4.21825354169e-05
0.0
2.79381958361e-05
0.000907123649187
0.0
0.000241265471027
0.0
4.63488420332e-05
0.0
2.94161065009e-05
0.0
0.0
7.6711610346e-05
3.90611635933e-05
0.000260689689525
0.000111033510055
0.00542383114811
0.0
0.0
4.50633406574e-05
4.06201500524e-05
1.30202438611e-06
0.0
0.000247736184806
1.54821613163e-07
2.94161065009e-05
0.0
9.49548259143e-05
5.62112392431e-05
0.000120659556598
0.0
0.0
5.08423595119e-05
0.0
0.000164969534609
7.41980593e-05
0.0
2.32637182131e-05
2.16756960662e-05
0.0
0.000607004681784
0.0
0.000177960956386
0.0
0.00027553106523
3.09818024921e-05
2.02360461275e-05
0.0
0.00014261239906
3.38985608249e-05
0.0
9.69003257309e-05
0.00033036035087
0.0
0.000957714947094
2.90828434573e-05
8.28312255249e-05
0.000310627664368
5.58220747525e-05
0.000195906359154
9.69222996248e-05
2.52138055722e-05
4.62920442576e-05
2.94161065009e-06
5.06054914255e-05
0.000125421837236
0.0
0.000233987032278
0.0
9.06294995094e-05
0.0
5.34838300017e-05
0.000148579284635
0.0
8.34329409634e-05
0.000335887022469
5.53302955613e-05
0.000146943943958
0.0
0.0
2.89841796716e-05
0.0
0.000525123589895
2.94968063576e-05
0.0
5.75532518496e-05
0.000170106359848
1.70978255107e-05
0.0
2.32980755128e-05
0.00349110827725
0.0
5.04276111444e-05
4.3230958137e-05
0.00040662360409
0.0
7.41422896034e-05
0.000134372906051
0.0
0.0016482818668
0.0
0.0
0.0
2.38294292087e-05
0.000122238074952
0.0
0.0
2.94161065009e-05
4.20072545947e-05
4.68482090591e-05
0.000134987627863
0.0
1.96107376673e-06
8.01928128254e-05
0.0
0.00130756375282
3.89509824012e-05
0.0
7.54143119396e-10
0.000963203168982
4.70154193066e-05
0.0
0.0
2.87675734977e-05
0.0
0.000940046316865
5.82874702889e-05
4.47481377681e-05
0.000110520573836
6.30119823471e-05
0.000167001093552
0.00012626116568
0.0
9.37093809452e-05
0.00184537486574
0.000146865576558
0.00028172001096
0.0
0.0
0.00010773577352
0.000127898541092
8.1711406947e-07
1.14608207146e-06
4.01398570107e-05
0.0
0.00014995731838
0.0
5.20303834636e-05
4.53252406736e-05
0.0
0.000318223273768
0.0
0.000346294936412
0.0
0.000121740665276
8.97961224205e-05
0.0
0.000108832243981
0.0
0.0
0.00125820718813
0.0
0.000133009134902
0.00048436519026
4.39444171619e-05
3.16941214825e-07
9.31962304767e-05
3.98212403497e-05
0.0
4.27366665926e-05
7.09367348768e-05
2.80082763224e-05
0.0
4.34651103708e-05
1.15925542861e-06
0.000143936555739
0.000103312263742
4.80655334982e-06
0.0
0.0
0.00022518602494
3.73683311028e-05
3.96605839697e-05
0.000126959502394
0.0
4.94737519175e-05
0.000153949218016
0.00129270996045
1.92153598917e-05
0.0
0.000718400151545
0.00353693129922
0.000210957446564
2.37057131846e-05
3.56016434325e-05
0.000151329309838
0.0
0.0
0.0
0.0
0.0
3.0016435205e-05
9.13586246704e-05
3.40798365512e-05
0.0
3.00697977565e-05
1.39468475754e-06
0.0
0.0037798293467
0.00310516244245
0.000421633656123
0.000111969079147
0.000273674718433
3.97215340831e-05
2.62643808044e-05
0.000338265752262
0.000207507950245
5.09568367941e-05
0.0
9.969076087e-05
0.0
7.07428840187e-05
0.0
0.0
0.0
3.02175670442e-05
0.000296374773019
4.66138492735e-05
0.0
5.44575099838e-05
0.0
4.9931815073e-05
0.000105247630181
0.000120942498402
0.0
0.000450098412369
1.51893827163e-05
0.000151232497607
0.000234399295253
2.94161065009e-05
0.0001333541006
0.00042548163082
0.000160355991353
2.98902508421e-05
3.2357717151e-05
0.0
0.0
0.0
0.0
0.0
0.0
0.000330665047398
7.94854088741e-05
3.95747122242e-05
3.42296512011e-05
4.9386741601e-05
4.90268441682e-05
4.19032856137e-08
0.0
0.0
0.0
1.78279433339e-07
0.0
0.0
0.0
0.0055629802244
8.03415876199e-05
0.0001000414043
3.41941030828e-06
0.000194248381671
0.0
0.0
0.0
3.03357014319e-05
0.0
1.69058083339e-06
4.5775273858e-10
4.43675019175e-07
2.94161065009e-05
0.0
1.96107376673e-06
0.000100824770833
0.0
6.57616274518e-05
0.0
2.94161065009e-06
1.28150107004e-05
0.0
0.0
0.000170649541372
2.82492337689e-05
0.0
0.0
5.45558978311e-05
0.0
0.000113988194459
2.61716829898e-05
5.26185543637e-05
5.34838300017e-05
4.41738513007e-05
7.90215283332e-05
0.0
1.0464227609e-06
5.78350568493e-05
0.0
5.43066581555e-05
3.90294673974e-05
0.000120861672305
9.91714720851e-05
0.0
0.000203301489242
7.69099600565e-05
8.02401170198e-05
3.42296512011e-05
2.72791779327e-05
2.98218459009e-05
0.0
0.0
5.66679999656e-05
0.0
0.0
8.1711406947e-07
0.0
0.0
2.6147650223e-06
0.00157210510677
0.0
2.92216276867e-05
0.0
0.000236263542426
0.0001142180182
0.0
0.0
0.000101704040725
0.000134698099016
5.06610723071e-05
0.0
7.42179902746e-05
0.0
0.0
0.0
7.34157147654e-05
0.0
4.78803702738e-05
0.0
4.5860382091e-05
0.0
0.0
0.000139179167369
0.000102559764462
2.94161065009e-05
3.00561370259e-05
0.000192224483192
8.96016781837e-06
0.0
5.22055076912e-05
0.00018700679701
1.99905582745e-06
1.86768930165e-07
0.0
0.0
0.0
3.05474952125e-05
7.75691102471e-05
0.0
0.0
0.0
3.07953679261e-05
0.0
0.0
8.70745822218e-05
0.000311548052678
0.0
1.52898466317e-05
0.0
0.0
0.000167092512161
0.0
2.16294900742e-07
0.0
0.0
8.47819715793e-05
0.000142456750849
0.0
4.10487771035e-05
0.0
0.000953534479332
6.55595807167e-05
2.09740509811e-07
0.0
0.000307244844915
5.31566348064e-05
8.39799811833e-05
0.000199826689267
2.94161065009e-05
6.73816996815e-05
5.17269201595e-05
0.0
5.4912438799e-05
9.80536883364e-06
7.97710196124e-05
8.55868622479e-05
6.47070952215e-05
9.10498534552e-06
0.0
0.000144379831235
0.000134454104847
0.0
4.85155875321e-05
9.58525976983e-05
2.89813857152e-07
4.32589801484e-07
0.000124214769984
4.69779246319e-05
0.0
0.000138104195014
9.45517708958e-06
0.0
2.10055459383e-06
5.0936980954e-07
3.59224727363e-05
0.0
6.74077865073e-05
0.0
0.0
0.0
0.000233269313051
7.51188008622e-05
1.77366602835e-05
0.0023452947382
0.0
6.5829477065e-05
0.0
0.0
7.58901653227e-05
0.000270152833324
0.000568285141926
0.0
0.000160188271447
0.000312977415117
0.000281701084325
3.79520302623e-05
0.0
0.0
0.000159278641564
0.0
7.54601520937e-05
0.000747375158712
4.23679663045e-05
3.82021922624e-05
0.0
4.34150418279e-05
0.000151178379342
0.000561111046858
0.0
0.000205650767753
0.000179070632102
0.0
0.000128605744186
1.30738251115e-05
7.662535819e-05
0.000242562840181
4.45905857469e-05
0.0
0.0
0.0
0.0
5.62935555739e-05
0.0
5.34838300017e-07
0.0
0.0
0.000143774156078
3.82907962588e-05
1.08559440658e-05
4.55815672688e-05
3.84197932933e-05
7.3818025404e-07
3.26845627788e-06
7.78203875686e-08
2.99063749426e-05
0.000305547880733
0.0
0.0
0.0
0.000259301415755
0.000139278186682
0.000152328972754
3.79299753475e-05
0.0
2.38634032513e-05
0.00206888469898
0.0
6.07932867686e-05
0.000418519940854
0.00017810409181
0.000272235894462
4.1449020694e-05
8.12814723436e-05
0.000565836702895
0.000109059277571
0.000142472221418
4.11510019583e-05
0.00062317757699
7.13117733356e-06
0.000163910528633
3.54945478141e-05
0.00099309676335
0.0
3.1303685875e-05
2.52528493409e-05
0.0
4.4872078607e-05
0.000232418292022
2.24122716197e-05
2.94161065009e-06
3.66067103123e-05
3.87274472586e-05
0.0
0.0
3.96550054669e-05
5.5939503747e-05
0.0
0.000145676302481
0.000206554526986
0.000220094159207
0.0
6.39822146454e-05
0.000310746101658
0.000251294034809
0.0
6.2992649352e-05
4.44589772237e-05
0.0
0.000818415567903
2.35929684659e-05
0.0
6.51706479019e-05
6.0343663428e-05
0.000549268100304
1.6913302434e-05
5.94850361522e-05
0.0
0.00019886051147
7.86634054531e-05
0.0
6.15022195387e-05
2.15437548348e-05
0.000802756199081
0.000129913403698
6.12840306801e-05
1.54623123915e-06
4.82490897344e-05
0.00017758364781
0.0
0.0
1.19631159435e-05
0.000531610032089
2.94161065009e-05
7.58461505531e-05
0.000134570945431
0.0
4.100048655e-05
0.0
3.43187909177e-05
0.0
0.0
4.81357963345e-05
4.98337283276e-05
4.81513511339e-05
7.92686659393e-05
4.95029239837e-05
0.000433419272739
0.000137743148908
4.06142834075e-05
0.000117315811437
0.0
0.0
0.0
1.96107376673e-06
0.000119786257151
0.0
6.69498867731e-07
0.00015279376708
0.0001861421717
1.96107376673e-05
5.77322126596e-05
3.42700812049e-05
8.01072935772e-05
3.16339875466e-05
0.000173076209782
1.40076697623e-07
0.000184214202813
4.43336761795e-05
0.0
5.22312535784e-05
0.0
0.000168180923286
0.00038507643701
4.10123478577e-08
0.0
0.0
0.0
0.0
3.81890219129e-05
2.45134220841e-06
0.0
0.000155114861579
0.000397652534942
1.5085182821e-06
0.0
0.0
0.0
0.0
8.23628207477e-05
0.0
1.9213759172e-05
0.0
9.97340112544e-05
0.0
4.49412738209e-05
0.0
0.0
5.29289807449e-05
0.0
0.0
0.000155649249792
0.0
0.000681327005993
0.0
0.000229695753003
0.0
0.000144382638571
0.000328066903325
0.000200727427933
3.32822233553e-05
0.000120384823475
2.89158325808e-05
0.0
6.19286452651e-07
0.00022711851103
9.80536883364e-06
8.86108709554e-05
0.00202120982056
0.000128894311429
0.00023776018486
0.000741672204321
0.000356472809767
1.16371410333e-05
3.11779637312e-05
0.000122035344339
0.000133698760066
0.000352372440276
0.0
0.0
0.0
0.0
4.31231487402e-05
0.000102530544618
0.0
0.0
3.92214753346e-05
0.0
4.70889354537e-05
0.0
0.0
0.0
0.000112872674375
7.11141140645e-05
0.000116010009974
0.0
0.0
0.0
5.33759996992e-07
5.49801038172e-05
0.0
0.0
4.65485641333e-05
0.0
6.55814001766e-05
5.50938577337e-05
8.96837123694e-05
6.53691255576e-07
0.00018803683611
1.96107376673e-06
8.1711406947e-07
1.45714459447e-06
0.0
0.0
0.000146301908421
0.000476362134372
0.0
2.50136960041e-08
0.0
9.10180201e-05
2.13501187721e-05
5.57123229184e-08
4.22752597037e-05
0.0
0.0
4.22355595343e-05
2.40208078604e-06
0.0
0.0
3.33577996201e-05
2.35705981578e-05
0.00021164653896
1.50273851857e-07
7.58335608743e-05
0.0
0.000104823206859
0.000163116536457
0.000372048013482
0.000236391168126
0.000435475222268
9.17208087341e-05
4.41241597514e-05
0.0
1.96107376673e-05
0.000221422352342
1.97890171006e-05
0.000374274322038
4.22766488502e-05
0.0
3.44153038048e-05
3.10005749879e-05
7.18428531718e-05
5.69246230651e-05
1.6074375137e-08
3.0170365642e-06
6.15810586872e-05
2.10698699342e-05
3.46551416791e-05
0.000136931102826
3.42296512011e-05
0.00131729550016
0.000965209956341
2.75464272165e-05
3.25759761916e-08
0.000616002810002
0.00014642492777
0.0
0.000100065928166
0.000153314822454
4.70657704015e-05
0.000109936756079
2.98651562014e-06
0.000208098843656
0.0
0.000108731905454
9.67429039994e-05
0.0
5.60182030704e-05
0.00134388773881
0.0
0.0
4.85632356051e-05
0.0
0.0
7.34164657914e-05
0.000224941711842
2.30254375414e-05
0.0
0.0
0.000106539422087
5.15157796733e-06
0.00193933547586
7.24534642879e-08
8.48184720625e-05
7.98968501858e-05
0.0
0.0
0.000150221260835
0.0
0.0
0.0
9.21469851358e-05
0.00302001382272
9.80536883364e-06
0.0
0.00040917254321
6.64846434649e-05
0.0
4.24457632844e-05
7.94234875525e-06
0.0
2.22849291674e-07
2.69037563456e-05
2.94161065009e-05
0.000252985409785
0.000103388317105
4.90644767138e-05
0.000209181929362
0.0
0.0
5.63918908133e-06
0.000128649217964
0.000708315081541
0.000304149001873
0.0
0.0013944300986
0.000379566253542
3.43599899465e-05
0.000845629794307
5.4817378596e-05
2.94161065009e-06
0.0
0.0
4.7922705044e-05
3.1769395021e-05
2.25223653453e-06
0.000267647526698
0.000190927993116
0.00141965699831
0.000283168352297
0.000429498910776
2.84845563087e-05
5.99472460879e-05
5.30450442943e-05
2.46487865856e-05
0.000108272113212
0.000914867586587
4.94033753103e-05
0.000365278530961
0.000122458915492
3.69884879783e-05
7.32681677583e-05
0.0
1.47080532505e-05
3.64783066728e-05
0.0
0.0
7.83595393579e-05
0.0
0.0
0.0
0.0
0.000140549151036
4.18362403569e-05
1.69058083339e-06
1.00855222289e-05
0.000100327159063
8.31321359202e-05
0.000231186005816
5.537149459e-05
4.63342404951e-05
8.64473333905e-07
0.000643223759113
0.0
0.0
0.0
0.0
0.0
0.0
4.78361104179e-05
2.62265876497e-05
4.45698583347e-07
0.0
0.0
0.0
3.83498869938e-05
0.00359434733831
0.000145081219445
0.000385705878366
0.0
8.5377777984e-05
0.00210058054448
0.000974619052579
9.0511096926e-08
7.00383488117e-07
0.000501478685798
0.00249627348055
0.000100827650096
5.22242470487e-06
0.0
5.89032663992e-05
7.24534642879e-08
0.000116833662331
0.0
2.78646150264e-05
0.0
5.5671012088e-05
9.95880578239e-05
3.78300191434e-05
0.000287328756476
0.0
0.0
0.000526228019449
0.000131376676374
3.31136463826e-05
0.000205906604035
0.0
0.0
0.000178412325605
8.65179602968e-07
0.0
0.00012051618923
0.0
0.0
4.21183665583e-05
0.000131794221233
0.0
0.000242099785277
0.0
4.28072389655e-05
0.0
4.14276833221e-05
0.00012973439258
5.60306790494e-07
0.00022611253931
0.0
0.0
0.0
0.0
0.0
0.0
0.000214300101709
0.000107356309097
2.94161065009e-05
1.22209097638e-05
4.62724679735e-05
1.60160289479e-07
8.83135380806e-05
0.0
0.0
0.0
0.0
0.0
0.0
0.0
0.0
4.05947762917e-06
0.0
0.000121138781626
0.0
6.77442876668e-05
0.0
1.85930696537e-05
4.07143980329e-05
3.37534211141e-08
3.91851927487e-06
0.0
5.28484104409e-05
1.93012400441e-05
3.46074275981e-05
6.97780706432e-05
7.48198289658e-05
9.56394876766e-06
0.0
5.70031868675e-05
0.0
3.98778379373e-05
4.23091874865e-05
0.0
0.0
0.00036165389157
0.0
2.51573914245e-05
2.66108271822e-06
0.000152432221601
0.000124021651303
0.000136994229622
8.46972326732e-05
0.000114993606378
0.0
0.000224950484556
0.000131972085591
4.29139599514e-05
0.0
4.30645330864e-05
0.0
0.0
0.000305841891565
0.0
4.12589545727e-05
3.87392116789e-07
0.0
0.0
0.0
0.000129221482704
0.000292954926951
0.000703044423606
0.000172210486138
3.42296512011e-05
0.00033789500253
0.000171881157705
0.000161330130121
0.0
6.62143670294e-05
1.92802196167e-06
0.000420674567578
0.0
0.000368695155589
0.0
6.53691255576e-07
3.13913909471e-05
3.77129570525e-07
0.0
0.0
0.0
0.000163570279001
0.000348262721883
8.71344648673e-05
1.96107376673e-06
4.2886815589e-05
4.65142796269e-06
2.02050024451e-05
5.52771063042e-05
0.000108054343061
0.0
3.11281550274e-07
0.0
4.11040517802e-05
1.40076697623e-06
0.000515300260296
0.00012334376942
0.000110882848411
0.000153190799379
0.0276553083184
0.0413390272893
0.00813190605487
0.00278834892727
0.0
6.06574640934e-05
9.41034736838e-05
0.000434215537842
0.0
0.0
3.27945374748e-05
4.15588016263e-05
3.78212821527e-05
9.03482660994e-05
0.0
0.0
0.0
7.62976664507e-05
2.81104524172e-05
7.60320635151e-05
0.0
0.0
1.61626958796e-05
0.000137855652567
3.76550262429e-05
9.06957541744e-05
2.24122716197e-05
3.53458722734e-05
0.00010633746898
0.000952274664172
1.73923284289e-05
5.04276111444e-05
0.000263848603364
4.41241597514e-05
0.0
0.000176006842246
0.0
0.0
0.0
0.0
8.73924580447e-05
2.30714560792e-08
3.26845627788e-06
0.0
0.000114125040637
5.48141840925e-05
5.70726164303e-05
7.01155158386e-05
4.11560237969e-05
0.000425270246237
3.53973814894e-05
0.000142798123828
0.0
0.0
5.60306790494e-06
0.00017070669174
4.64030095012e-05
2.96833387752e-05
1.5085182821e-07
2.47265822761e-05
8.43428861515e-05
0.0
0.0
0.0
0.0
3.29135491406e-05
0.000247886705607
0.0
0.000104511081166
3.70740338267e-05
0.0
0.0
2.4771458106e-05
0.0
0.000110380437727
7.20936456885e-05
0.000120534912646
3.65538382254e-05
6.89482998085e-05
0.000192449493991
9.87819240338e-05
0.000176156329036
2.18859228166e-05
3.07619414389e-06
0.0
0.000213035139316
0.000111338243037
3.40850724267e-05
0.0
0.0
0.0
0.0
7.73726292972e-08
3.37420045158e-05
7.40532665816e-05
4.32416765564e-05
4.75411822237e-06
2.82565699597e-05
0.0
0.0
0.0
7.04058550747e-05
8.87345810059e-05
0.000554326678296
6.86375818355e-05
3.62152706869e-05
7.56401032323e-05
9.80536883364e-06
0.00010158240321
5.35808528225e-05
7.89098729945e-06
3.67422245672e-07
9.80536883364e-06
0.0
0.0
9.45517708958e-06
1.08827623015e-06
0.00073182931695
0.0
0.0
6.02331029277e-05
0.00011126373787
5.48473827452e-05
0.000425487493079
2.31126551079e-05
4.0745099178e-06
0.0
3.36184074296e-05
0.0
0.000263283712048
0.0
0.000427197172841
5.30111833847e-05
0.000107182019798
4.35391030541e-07
0.000253452675464
4.09499706025e-05
0.000693068255692
5.13444768016e-05
0.0
0.0
4.90268441682e-06
0.000218087321532
0.0
0.000223599236594
4.57296369754e-05
0.000156469438523
0.0
1.29301567037e-06
4.69107968037e-05
4.70657704015e-05
0.0
0.000539787966829
8.7147786847e-05
0.000136565898388
0.0
0.0
0.000152749807686
0.000448026049791
0.0
1.96107376673e-06
0.0
0.0
0.0
0.000120622196572
0.0
4.42531777623e-05
0.000297449439073
4.07878288896e-05
3.12721023489e-05
0.0
0.0
8.48171758451e-05
0.00012325705227
0.0
2.60832471437e-06
0.0
5.26808949921e-05
8.1711406947e-07
0.000398608866508
4.88301216381e-06
0.0
0.000368047172609
0.0
3.4469642746e-06
0.0
0.0011164932388
0.000287309276832
3.23253917593e-07
7.61408947766e-05
0.000324573896591
0.00020186775985
7.84429506691e-06
0.000347252631634
0.000341715198003
0.0
0.000385734295601
0.000129762598192
0.000422783831133
2.57426561857e-05
2.94161065009e-05
0.0
9.37436361018e-06
0.000322203687104
0.000135298094784
1.02538357312e-06
8.84981987629e-05
7.61083390421e-05
5.09483372398e-05
0.00023602827087
0.0
8.79741087553e-05
0.0
0.0
0.000404910230051
1.96107376673e-06
0.0
2.94161065009e-06
0.0
0.000364708913347
0.0
0.000570969721533
0.000354471368706
0.0
0.000727151985586
0.00014758271556
5.60306790494e-06
6.73311540154e-05
0.000235414383047
8.69725826564e-05
0.0
1.23424223081e-05
0.0
0.0
3.53258991138e-05
0.0
0.0
1.26069027861e-06
0.000419012190464
0.000233829853034
5.46434504138e-05
0.0
0.000736075670964
1.05057523218e-06
3.09523441712e-05
3.92214753346e-05
0.000113316655945
4.47733736696e-08
3.77998393736e-05
0.0
4.39037075337e-05
3.38099737952e-05
0.0
0.000565980375207
0.0
0.000166362936112
4.85340615294e-05
0.0
6.03407312839e-06
7.2371029121e-05
0.000581504599028
0.000401845729269
0.0
9.00813821824e-05
6.47084453485e-05
9.8646509556e-05
3.26845627788e-06
0.00011408579751
0.0
0.000362477973333
5.43074780024e-05
0.000394309177458
0.000143398130317
0.000917503458731
0.000291284070016
0.0
0.000156248295633
7.02809234982e-05
0.0
3.55185782843e-05
0.0
5.14781863766e-05
0.000357068826594
0.000127026889608
0.000201645579843
0.000121991837425
0.000146365816196
0.0
2.25123264038e-07
0.000167943973352
0.000155740071474
0.000284910638116
6.42527739102e-05
0.00011221669225
0.0
0.0
7.3957565974e-05
7.36683618115e-05
1.53946263599e-05
0.00218098778684
1.82530712134e-05
0.000288700987527
0.000192681431711
3.92214753346e-05
0.0
3.57869651062e-05
0.00010642667413
0.0
6.03669663845e-05
6.78833226944e-06
8.34645009232e-05
7.65867182722e-05
0.0
4.06142834075e-05
0.000420816694414
3.50191744059e-05
1.54821613163e-06
1.34090513964e-06
0.000122270606947
5.30030764736e-05
6.29154012047e-05
0.000144163428153
0.0
7.73700192582e-05
0.0
0.000110733056621
0.000253925318447
0.0
0.0
0.0
0.00102469523285
9.94850378154e-05
0.000301626803989
7.35313164816e-05
3.04998577931e-05
0.00218618346057
0.0
8.78872326558e-05
0.00177452364366
0.00121727452726
9.36890090986e-05
0.000270153755394
7.37245776966e-08
0.0
0.0
4.61429121584e-08
0.000294489807287
0.000382325495376
0.00136201684556
0.0
0.000144942349373
0.000171777644115
0.000351676982473
4.48272527753e-05
0.000751225216422
0.0
2.94161065009e-05
0.00113465681785
0.000138066546485
0.0
3.12340836744e-05
9.80536883364e-06
5.63612137237e-05
6.29965368772e-05
2.60781086001e-08
5.35762916954e-06
0.000342055164941
4.35292103367e-06
0.0
4.90268441682e-06
9.98413225434e-05
0.0
0.0
0.0
0.0
0.0
0.0
1.02956372753e-05
0.000206486645548
3.40035704422e-05
0.000126285572545
0.000198819729549
7.80392750951e-05
1.68092037148e-05
0.0
0.0
0.0
8.09680841743e-05
0.0
0.0
0.00156523090735
0.00290146761095
0.000135558572639
0.000718744520462
0.0
0.000474720711744
0.000291322521209
7.40785533179e-07
0.000204109096482
0.0
0.000168789700334
8.31763358214e-05
0.0
3.29264466847e-06
1.10196559957e-05
3.5066694882e-05
1.17664426004e-05
