-3.52521848056
-2.93723811615
-5.34539876564
-6.00055893455
-6.55171062391
-3.84633605037
-4.31100453905
-3.8626938746
-3.85111200104
-5.25442740048
-3.51210924108
-10.147688966
-3.47073711756
-5.05786044382
-4.33845302023
-3.12863845647
-3.89896691044
-3.79216184809
-3.72333687165
-3.98396477778
-3.13126799727
-3.45832319987
-3.5051441906
-4.99547271713
-3.56320586
-4.79733625014
-3.80089288102
-3.56981849194
-3.4945212076
-4.22644173983
-3.06133350832
-5.65966919348
-3.05591989148
-2.77134444727
-3.70746284189
-4.63588895248
-5.20153985864
-3.49847299579
-8.27891485135
-3.66016114582
-6.06602662656
-2.78792460178
-3.52434148487
-4.18219939802
-4.7931990301
