-3.76664858656
-2.78399218903
-5.78580997439
-3.05568709169
-4.62888951205
-4.30128707868
-4.63195604666
-5.0316058949
-4.08774405826
-4.21286608198
-3.1752799738
-3.45266318365
-2.70828119862
-4.92791161634
-3.76131744837
-3.14033101401
-3.58854387409
-3.99362026142
-3.8928382407
-3.54832897269
-3.94541597281
-4.06301524655
-5.32266214399
-3.45840379911
-4.01405382896
-3.3966576711
-4.77660733694
-2.70828119862
-3.2202726883
-3.10437313801
-3.93097961899
-5.22285735844
-5.52373471837
-2.93842095111
-3.55980456088
-4.58549138292
-4.26017033673
-2.7237264959
