0.000118241314029
0.000742575880356
5.72610189018e-05
4.82385154086e-05
0.0
4.88731195609e-05
9.40095440321e-07
5.68864570421e-07
0.0
0.000111597437771
3.69370444551e-05
0.000979678732566
0.000241683419551
0.0
0.0
0.0
0.0
3.75450616478e-05
0.0
0.000139174482087
0.000310250654377
2.50300410985e-05
3.72182485152e-05
0.0
0.00024369978004
4.81346944203e-07
4.14635910553e-05
6.10150802104e-05
9.10183312674e-06
0.0
0.00064173720369
0.0
0.0
0.00016462094525
0.000179641490627
4.66899272056e-05
3.90468641137e-05
0.000280348913778
0.0
0.00012631813251
0.000455442594332
0.000157737725863
0.0
0.0
0.000419124338313
0.0
0.000389829010157
0.0
0.00024731707027
0.0
0.000164134913363
5.53743097389e-05
0.000199699685307
0.000201684484955
0.0
0.0
2.50300410985e-05
0.000194118030852
0.000115589644459
3.75450616478e-05
8.17169971765e-05
0.0
0.0
1.56293041087e-07
0.0
1.25150205493e-05
3.3790555483e-05
0.0
0.000145210319101
3.06038950267e-05
6.36285053721e-05
0.0
7.38789922747e-05
0.0
9.21673068349e-05
0.0
5.06397252541e-05
5.55948339178e-05
0.0
3.97302239659e-07
6.57235048831e-05
5.52275745529e-05
1.52290243621e-05
0.0
0.000115872307717
0.0
7.31045671508e-07
3.66442552237e-05
0.0
0.0001207456893
0.0
4.82722221186e-05
6.82637484506e-07
1.25150205493e-05
0.000543872239452
0.000151625715855
0.000645158688545
5.30678938585e-05
9.30182400031e-05
0.0
0.0
9.80857924036e-07
0.000215209633398
0.000178193661233
0.0
5.58926237621e-05
8.57961410956e-05
0.000444980858322
0.000615118146044
0.000954088411867
0.000523071745596
0.0007120034633
0.000299152382503
0.0034321588603
0.00045385478439
0.000340504504692
0.0
0.000390664683955
5.18841337751e-05
2.68070875072e-05
0.000122202673837
9.61538193461e-05
0.0
1.00784874512e-07
3.88128169762e-05
5.96398788546e-05
0.000159217790656
1.76250279755e-05
0.0
0.000171299195522
0.000257704046983
6.38912992034e-06
3.00643638444e-05
0.000140072029093
0.000509039493189
0.0
0.000232126992443
0.000128042687708
0.0
0.0
1.11546922287e-05
0.000512515444157
0.0
0.000403941013856
0.0
0.0
5.10792282427e-05
6.57038578837e-05
0.0
0.00011957530626
7.40309504398e-05
9.4887074621e-05
5.26606059476e-05
0.000553302092845
4.3612950399e-05
3.80276157317e-05
0.0
9.32937895491e-06
6.39314982548e-05
3.75450616478e-06
0.000169449559574
0.000171134819065
6.40272257805e-05
0.000126082430916
9.68553213849e-05
7.16395574126e-05
4.54519327878e-05
0.000119146730173
0.000111461979465
3.00459818742e-05
0.000304286791847
0.000112978000698
2.45214481009e-05
6.31620265095e-05
4.61169249828e-05
0.000127307639023
0.000264530180405
5.6505831106e-06
3.75450616478e-05
5.96951233298e-05
0.0
5.37911384119e-05
1.00120164394e-05
4.20672959639e-08
1.849510426e-07
0.0
9.82190092624e-05
4.03892328893e-05
0.000101962763812
0.0
0.0
0.0
6.12600089866e-05
0.0016626107742
6.12117893793e-05
0.0
0.0
0.0
3.55477239106e-06
1.34089505885e-06
0.0
6.25751027463e-06
5.2302349211e-05
7.38054481863e-05
6.82637484506e-07
0.0
4.41005985731e-05
6.25751027463e-06
4.46965019617e-05
0.0
0.0
6.96837062405e-05
4.95373185013e-06
4.50540739774e-05
0.0
0.000108655151026
0.0
0.0
3.5459663736e-05
0.0
3.75450616478e-06
7.69584774514e-05
0.000190761814816
0.000146084218861
0.000240591758326
9.13083346086e-05
2.06253772099e-06
5.48842796487e-05
0.000126290707459
6.06712903052e-05
7.23011340459e-05
0.000178689670974
0.0
0.0
9.71663086123e-06
0.0
0.00364787359293
7.2345816502e-05
0.000126781718293
0.0
0.000880344674645
2.3467293203e-06
0.0
0.000105050124193
0.000111417644737
3.41318742253e-07
0.000280625312112
2.27545828169e-06
0.000114747771151
6.22234419229e-05
0.000361114472369
0.000206974062423
0.0
0.0
0.000275832241783
0.0
0.0
1.42216142605e-05
6.83518297618e-05
0.000154072530791
2.25270369887e-05
5.74748108628e-05
0.000119633651084
0.00104595529166
0.00052774368291
0.0
6.43629628248e-05
0.0
7.50413069422e-05
6.99020784134e-05
0.000316497172625
0.0
0.0
7.41195334845e-05
0.0
0.0
0.0
0.000782398985585
0.000453805775152
0.0
0.000143399159629
0.0028342618251
0.000115593592025
9.65540049863e-06
0.000227651581943
0.00011449799845
7.74371690289e-05
7.47457971745e-05
0.000417687046045
5.56550325603e-05
0.00142393622996
0.0
5.63739664382e-08
7.19613681583e-05
6.45486150142e-05
0.000154879801962
0.000812883653249
0.0
5.19486823585e-05
8.62884460754e-08
0.000399203678622
0.000126324748289
0.000703389837522
5.35998740654e-05
0.000225176318843
5.00600821971e-05
1.50180246591e-05
0.0
0.0
0.0
6.69530678103e-05
0.0
2.33544617053e-05
6.00796834974e-05
0.000157745599667
0.0
8.62374628707e-05
8.30742805713e-05
1.80024208913e-06
0.000285511109695
8.65120852265e-05
0.0
3.2289111785e-05
4.99119906847e-05
3.75450616478e-06
2.67254256557e-05
5.3635802354e-06
7.68779833741e-05
5.13750696299e-05
0.0
0.0
0.000178291322873
5.07011753388e-05
6.83648799297e-05
0.0
0.0
0.000108289928439
0.0
0.0
1.328517566e-05
0.000533149072239
7.22020416304e-05
5.68864570421e-07
7.68168018505e-05
0.000329755986322
6.65681024902e-05
0.000141373420259
0.00023809715189
1.04291837911e-06
7.79015212049e-05
0.0
0.000173295796916
9.53357234576e-07
0.00025231055231
0.0
6.25751027463e-06
7.64122425737e-05
0.000314956225491
2.55506440333e-06
1.25150205493e-05
0.000508420209872
0.000103178704838
7.1225844158e-05
0.000122585551035
0.0
0.000181714455472
0.000596679444717
0.000171586785857
0.000128912740781
0.000102320178217
0.0
9.73524311692e-05
0.000244645774905
3.75450616478e-06
0.000205392930784
3.49672168835e-05
4.36887990084e-05
0.000339271241901
2.39007697126e-06
4.65791819178e-05
4.00480657577e-05
5.95657824865e-05
0.0
0.0
0.000548009788376
0.0
5.30119946527e-05
0.0
0.0
0.0
0.000380091909146
7.15585107882e-05
0.0
1.08607362238e-06
6.52957593875e-06
0.000170323332536
7.33063732403e-05
5.11978113379e-06
2.35576857398e-06
8.33392282189e-05
6.07716457082e-08
0.0
0.000216101150092
0.0
2.94530183743e-05
6.97882821133e-05
8.95128388692e-05
0.0
0.000381766834588
0.000196103984455
0.000180989907725
7.19032745616e-05
2.67254256557e-05
4.69563906505e-05
0.000186253034677
6.25751027463e-06
5.52133259527e-05
3.81337808251e-05
5.45232702484e-05
0.000155205056471
0.0
8.40874840936e-07
3.75450616478e-05
7.39020035712e-05
5.14903702599e-05
0.0
0.0
0.0
0.000228968978427
0.000161873773801
8.93930039234e-07
1.97477272303e-06
1.43028806277e-06
8.06827180979e-05
0.000133487680638
4.22155708156e-05
1.9760558762e-07
0.0
1.25150205493e-05
0.000134717205404
4.12583095031e-07
4.51375926709e-05
0.000235586982707
1.91163500698e-05
5.97702152494e-07
6.41895315138e-05
0.0
0.000339550684053
0.000168487790475
0.000181138809292
0.0
0.000163405159762
0.0
4.46965019617e-06
3.71324785528e-06
0.0
6.34358528781e-05
0.0
2.40170951538e-05
0.0
5.01736486267e-05
0.0
0.000814853518985
0.000286746397284
0.0
0.000129743446276
6.51106134031e-05
0.000500010710854
6.59875992402e-05
0.0
0.0
0.000342373008214
0.0
0.00022948745946
0.000127377468362
2.7196464651e-07
0.0
0.0
0.000140927005608
0.000188549381548
0.0
0.00114237419423
0.00053049955656
9.49373742055e-05
0.00128532699626
4.44023425476e-05
0.00165394345584
3.75450616478e-05
6.03606870099e-05
6.1638080695e-05
0.0
0.0
6.43629628248e-06
0.000163279636139
6.92250701114e-05
0.000650403734888
1.25150205493e-05
3.19501112846e-05
0.0
0.0
2.35244747166e-08
0.000115369610293
7.92801411499e-05
0.000228559443799
0.0
0.000298942665667
0.0
4.50540739774e-05
0.0
0.0
0.0
3.75450616478e-05
0.000179738490911
0.000396843726895
3.80629245671e-05
0.000474938628472
0.0
4.665526043e-05
0.0
2.84552046173e-05
0.000106779137871
0.0
0.000112741487668
0.0
6.2994893792e-05
0.0
0.0
0.000912142358678
0.0
0.000210578728808
6.26335247921e-05
0.0
0.000111651665939
0.000147647725411
6.76033938075e-05
5.42708682827e-05
0.000516739481871
0.000167051456986
0.000499528772756
1.30838851197e-05
0.000211482743777
0.0
0.00013076756401
0.000104043116348
4.83571179885e-05
0.0
7.1849979881e-05
0.0
0.0
8.77396958898e-05
3.8229613964e-05
0.000117868738991
4.17742754886e-05
4.7549470172e-05
6.41120350945e-05
0.000123996822511
0.000134119282243
3.3790555483e-05
0.0
0.000151265604733
0.000136074452901
8.78247056089e-07
5.1055089504e-05
0.000138528584849
0.000151599463215
7.49693722006e-05
0.000164640088787
0.0
0.000166749229386
3.57832068068e-05
8.95719783749e-05
3.9630898406e-05
0.000176773285107
0.0
0.0
4.33212249783e-07
0.0
8.07650014481e-05
0.000574148118537
5.7033163058e-05
6.39575125444e-06
6.67159076427e-05
0.000114117941455
8.94517145782e-05
1.40793981179e-05
0.000169164913313
0.0001615541633
3.57572015693e-07
5.0760290283e-05
0.000145128038591
4.91478123241e-05
0.0
0.000172517105311
0.000129653983801
3.57572015693e-07
0.0
0.000302934627029
6.56779962731e-05
3.8939214982e-05
0.0
6.23825639687e-05
4.0714697732e-05
0.0
0.000281382070177
9.35673599814e-05
6.28207093876e-05
6.70624560385e-05
0.000387663993281
0.000300236595692
4.72570925759e-05
0.00019449392643
0.000175786248783
3.03773680605e-05
0.0
8.34334703285e-07
0.0
0.0
0.00132298865115
0.000196724263659
4.88691480967e-05
0.000436474583219
0.0
0.0
5.35599578644e-05
4.95142028741e-05
2.7401940235e-05
1.78786007847e-06
0.0
0.000322469274641
0.0
4.88003334801e-05
0.0
0.0
0.000439715736959
9.20222099211e-08
2.5794533304e-05
6.46033024918e-05
0.000139086372951
1.9760558762e-07
0.0
0.00016483774738
6.6925243579e-08
1.66866940657e-05
4.52725796511e-05
0.0
0.0
0.000367582394597
0.000154914441165
0.0
0.0
0.0
7.25906889837e-05
4.40591455267e-05
0.0
0.0
0.000334664080772
0.0
0.0
3.09820106157e-05
1.10426651905e-06
3.75473533564e-05
0.0
0.000817398788584
1.2872592565e-05
0.0
1.18813486227e-08
2.50300410985e-06
2.08728555976e-05
8.86986182408e-05
0.000204329668838
6.32832898493e-05
0.000161206842981
0.0
6.82637484506e-07
0.0
0.000252261518703
0.000105954563379
0.000124303707332
4.12644830347e-05
0.0
4.58884086807e-06
0.000177583435386
2.53429166123e-05
3.43269135066e-05
4.20569145497e-05
0.0
0.00010641948576
0.00016662852703
5.1213258387e-05
6.52750868269e-05
0.0
0.00029379387765
0.0
0.000187534709482
5.01428324088e-05
7.33618585531e-05
0.0
1.21871236567e-07
0.0
6.30530359328e-05
6.04055709709e-05
0.000157443147638
8.21022564073e-05
0.000174959394224
5.99377333398e-05
2.25270369887e-05
0.0
0.000106649994397
0.0
0.000154312355249
0.0
0.000328115751756
0.000116979412444
0.0
0.0
0.0
0.0
7.11080713026e-08
4.80814228217e-05
0.00030619479234
0.000116457843181
4.68938034402e-05
0.0
0.000146603657754
0.0
0.000235468359016
0.0
0.0
0.00023098313236
5.74258680349e-05
7.60441364027e-05
5.00600821971e-05
0.0
0.0
0.0
0.000131336535254
0.0
0.000184155807486
7.25165457616e-05
0.000396529992385
0.000118962428551
0.0
0.0
0.000175191643472
6.14373736055e-06
2.77930975834e-06
0.000773997196679
4.14834157589e-05
0.000238816126414
0.0
0.000194469680956
0.0
0.000527764384556
6.44703006592e-05
7.33835295844e-05
0.000176232558956
0.000309088559568
0.000154195915371
0.000212108872787
4.86920435136e-05
5.00600821971e-05
0.0
0.0
0.000186211117552
0.0
6.56025267497e-05
6.72835510369e-05
0.0
6.6998781408e-05
6.48437391795e-05
0.000120244410302
1.34089505885e-06
0.000677747935543
0.000201586315281
0.000534507620929
6.90166574408e-06
8.71964494108e-05
0.000117215451717
3.3813268769e-05
4.95388616616e-05
9.38368174543e-05
4.27562624698e-05
7.21103564982e-06
0.0
0.000104595114076
0.000143736138416
0.0
6.68537422504e-05
0.000404328352361
0.000663029360267
9.97809093009e-09
4.46382021765e-05
0.000305731802417
0.0
0.0
0.0
0.0
1.46279460965e-06
0.000204391581525
7.40138930273e-05
4.23578455081e-05
0.0
3.52080392429e-05
0.0
0.0
0.00195590701108
5.30030837126e-05
0.0
2.54273433382e-05
0.000176408018077
0.0001723758472
0.0
0.000247726441547
2.25495865753e-07
4.30341057484e-05
0.000275290920329
0.00011340223459
0.000398620841106
9.00360383215e-05
6.82572846925e-05
0.00064550401611
1.25150205493e-05
0.0
5.75666212024e-05
7.61242392135e-05
0.000783995759811
0.0
0.000121136897033
6.41930161576e-05
3.90901279365e-05
0.0
5.93597812614e-07
0.000124761771354
3.75450616478e-05
0.0
0.0
0.0
0.00484762403198
0.000209241435185
3.03583101681e-05
0.000219706226573
0.0
5.7074637841e-05
3.78579371615e-05
0.0
0.00190190241766
4.51617898608e-05
0.000323642898231
0.000578786308764
0.000505369216497
0.0
7.007083213e-05
0.000585026941258
4.20940366939e-05
0.000245668558695
8.07811330793e-05
0.000211873951177
0.000325591718819
0.0
0.000220010969217
0.00017000831088
0.000132665887855
6.82637484506e-07
1.77845028858e-06
0.000318409155854
1.33517288932e-06
0.0
0.000140585357072
2.19561764022e-07
0.000461012533614
5.51713728149e-05
0.00292371696121
5.71166407214e-06
5.68626227904e-05
0.0
6.25751027463e-06
6.24306986631e-05
1.38228449697e-05
1.04291837911e-06
4.81239422548e-05
0.000455187305248
8.05722348587e-05
6.25751027463e-05
4.91078523727e-05
3.19063985738e-05
5.39111355844e-05
0.0
7.09559479681e-05
0.0
0.000320423508343
3.20897025864e-05
1.27126261369e-05
0.000612249228091
0.0
0.00068454877359
0.000422397780785
2.85894244415e-06
0.0
5.8160131059e-05
5.19446970563e-05
5.17349603878e-05
0.0
0.000150744110154
2.79331177205e-05
8.34334703285e-07
0.000110544467573
0.0
5.13309133269e-05
0.000135088601656
0.000180478110203
0.0
6.75811109661e-05
6.02611498697e-05
5.12521720708e-05
0.0
7.66382152435e-07
6.70764170941e-05
5.29573323755e-05
0.000134634395267
0.0
0.000144401551201
0.000296824373842
0.0
6.29805563607e-05
0.000148557468801
5.81346136759e-05
0.0
7.50901232956e-06
0.000124847553505
0.0011735387475
5.33974210102e-05
2.17740573106e-05
0.000218999113022
1.78786007847e-06
0.000521255296863
1.43028806277e-06
0.000654366500113
0.000203584728606
1.13858201126e-06
4.51607912069e-05
6.62800155896e-05
4.50540739774e-05
7.36177679369e-07
6.37299814809e-05
0.000227703068077
0.0
0.000145552112398
0.00023348029795
0.000135690637798
0.0
0.0
4.08824004609e-05
0.0
0.0
1.29187308896e-06
2.50300410985e-06
0.0
0.0
0.0
5.26992090217e-05
0.00011503110386
0.000337910267407
0.0
0.0
0.0
9.27191091202e-05
1.43922736317e-06
0.0
9.81943670435e-05
0.000133530972603
0.0
0.00142617152805
0.0
0.000114886779865
0.000158473867712
0.000163244458008
0.0
0.00043313707702
0.0
4.56920946328e-05
0.00148490513034
0.000638269980595
6.54135610153e-05
0.000150214280369
0.000486535490113
0.000106731556425
4.12583095031e-07
8.041880009e-05
0.0
0.0
8.34334703285e-07
0.000301903443881
5.24133339243e-06
0.0
0.000161171290572
4.17167351642e-06
0.000244794154444
9.92297578536e-05
2.53663244711e-05
6.02035589364e-05
0.0
6.56334557809e-05
0.000171044330402
8.45175565383e-05
8.15359487212e-05
4.80596793121e-05
0.000790642937784
4.75767586283e-05
0.000251907137124
0.000113847993217
9.17653567198e-05
3.08033087184e-05
0.0
2.62369403549e-08
4.29086418832e-05
0.0
0.0
0.0
0.0
0.0
0.000153373744065
0.000118459369976
8.48275755087e-05
0.0
0.0
0.000212320682407
5.91424776106e-05
5.10817165276e-05
0.00010312432016
6.28625079921e-05
5.81498149217e-05
0.00137169173028
0.0
0.0
5.76375406551e-05
2.4520169891e-05
5.11536686756e-05
4.23982117006e-05
0.000104095872243
0.000547458526198
5.42704098516e-05
9.0198346301e-07
3.75450616478e-05
5.6388082212e-05
0.0
0.0
3.97302239659e-07
0.0
0.0
4.8244458044e-05
0.0
5.03442069879e-05
0.00017629087476
0.0
0.0
0.0
0.0
0.0
9.60379865357e-05
7.45304997168e-05
5.44131328229e-07
7.38386212407e-05
0.0
1.71438637661e-07
3.75450616478e-05
0.0
0.0
0.000177342624429
2.25270369887e-05
5.16027983404e-05
0.000114433831508
6.09078859807e-05
5.66142077503e-05
7.11380115432e-05
8.47580687222e-05
0.0
0.0
0.0
6.45417488327e-05
0.000115762299842
0.0001223499051
0.000156142856
0.0
0.0
0.000204996744858
0.0
0.000265548243033
0.0
4.86695243583e-06
5.15376489642e-05
6.04296706522e-05
0.000110825581428
0.0
4.22858853545e-06
0.0
4.50991731505e-07
5.95153463394e-05
0.0
0.000130051865852
7.53130629329e-05
0.000238077114425
0.0
0.0
1.26938065571e-05
0.000331615215161
6.02960236859e-05
7.0355786439e-05
0.000109059464786
0.0001259319657
0.0
0.000103959245778
9.17167380139e-05
0.0
2.92110338535e-06
5.44891325611e-05
6.37841100353e-05
0.00022526356873
0.000143229191126
0.000173241809961
2.1442030845e-05
0.000104275607126
4.15106381003e-05
0.000235286337834
4.10966215334e-05
0.0
0.0
0.000527474768228
6.06965487263e-05
3.77646234118e-05
4.94816568776e-05
0.000135204983785
0.0
6.82637484506e-07
4.08824004609e-05
0.0
1.04291837911e-06
0.00495908512515
0.000212405541077
0.000440663035889
0.000470425709359
0.0
2.25270369887e-05
0.000135234583304
0.00112986520353
0.000236476699746
5.30398489945e-06
5.41753817471e-05
6.20591056846e-05
4.58573512523e-05
0.0
0.0
6.82637484506e-07
0.000243595507899
0.0
0.0
0.000888842021729
0.00017403746143
3.63228714556e-05
0.000412903418271
5.08635105185e-05
6.13355577174e-05
0.00136366497917
7.50866965317e-05
7.31538060751e-05
3.75450616478e-05
0.0
6.67009336967e-06
0.0
8.74176793276e-05
0.000148050689626
0.00045897099192
0.000106844739574
5.99904789373e-05
0.000124432904164
0.0
0.0
5.09659873273e-05
0.0
0.0
0.000270578166795
6.5292383883e-05
0.0
4.95667382371e-05
5.88942143495e-07
0.000353716571346
0.000155269692937
6.74338636986e-05
4.35376914376e-05
0.00020709887645
0.000100223330249
0.000349456815952
0.00335462266737
0.0
0.00089199943309
0.0
0.0
3.75450616478e-05
0.000195990172777
5.6919465152e-05
0.000346755441988
1.43174820258e-06
7.17448600009e-05
0.000101989874879
0.00018234820075
0.0
0.000316131260756
9.47883519205e-05
1.43028806277e-05
4.44799176435e-05
0.000224339021405
7.2888879145e-09
0.0
3.75450616478e-05
6.08489067553e-05
0.000443781661139
9.01377967832e-05
0.0
0.0
2.45294402766e-05
0.000755986772818
2.96924997345e-05
3.13750689994e-05
2.6405318082e-05
0.0
0.0
0.000147381856903
6.25751027463e-06
0.0
0.0
7.24809726366e-05
0.0
4.46965019617e-05
3.72911336946e-05
0.0
5.63175924717e-05
4.89591595346e-05
5.00600821971e-05
0.0
0.0
6.82637484506e-07
0.0
0.0
0.0
5.27483594704e-05
0.0
0.0
5.69853900109e-05
8.41343598708e-05
0.0
0.0
0.000109772355989
5.98798744647e-05
0.0
9.72018951287e-05
2.25270369887e-05
0.000130312861764
0.000437131725093
5.35486853792e-05
0.0
0.000285759324984
0.000176873530038
0.0
4.46096566677e-05
0.00161517842648
6.61373847393e-05
0.000735015766898
5.56937434231e-05
5.19183731271e-05
6.28204953061e-05
6.00720986365e-05
0.0
0.0
0.0
2.18064751995e-06
0.000172488975308
0.00103377883185
0.0
1.34089505885e-06
2.15820252329e-05
8.34334703285e-07
0.000256255025432
0.0
0.00272315877229
0.000117187907624
0.000446915605608
7.78145469998e-05
4.2868615165e-05
0.0
0.0
4.82722221186e-05
0.000336138272685
0.000675020039047
9.75196406436e-08
0.0
5.48096072865e-05
0.000112823879342
4.19819763777e-05
0.00107861022667
2.4539255979e-07
0.0
1.04291837911e-06
0.0
0.0
0.0
0.000158277472597
0.00022256246023
5.59913163308e-05
3.6431708632e-06
0.000173754122865
0.000128845253711
0.00170337634131
0.000543511710277
7.96340120194e-05
4.2067200961e-05
0.0
2.69417356413e-05
2.16550502935e-05
6.25751027463e-06
0.000266050441965
8.79589350039e-05
0.000119033443285
0.000760883308518
0.0
4.65007802326e-05
0.0
5.00600821971e-05
0.0
0.0
0.0
0.000118640950491
1.42216142605e-05
0.000156323106964
3.92628095663e-06
7.76950073137e-05
4.90975657638e-05
0.000127103098809
1.34089505885e-06
6.14373736055e-06
0.0
0.000419686239368
5.68864570421e-05
0.0
0.000390485824574
0.0
1.33138516482e-07
5.37954327182e-06
8.15106154748e-05
7.00841150759e-05
9.46460848045e-05
0.0
0.000105408934814
9.14925934514e-05
0.000425054661843
4.17167351642e-06
0.0
0.0
0.000329435025247
0.0
6.42280299887e-05
0.000852045364156
0.000201353877578
0.0
1.6269526714e-05
0.0
0.0
4.02078319774e-06
5.04907348518e-05
0.000132178930413
0.0
0.0
1.01908024473e-05
0.000256733788989
2.98218282458e-05
0.000300088712144
1.25150205493e-05
0.0
0.0
0.00123817994158
6.34557893776e-05
0.0
7.48158945485e-05
6.78912697462e-05
4.79101244812e-05
0.0
0.000113339633855
0.0
3.79041823103e-05
0.000158566452595
6.43028894514e-05
0.0
1.25150205493e-05
6.49941618094e-05
0.0
4.36063433772e-08
3.35223764713e-05
0.0
4.23252819485e-05
0.000455815677974
0.0
0.0
0.000196681153412
3.78229159431e-05
0.000537468851944
0.0
0.0
0.0
2.50300410985e-05
0.000338946646151
1.34089505885e-06
5.16835431529e-05
0.0
2.02231382944e-05
6.74469172725e-05
0.000105936398176
0.000169569186698
0.000268953452679
0.0
9.80902636092e-05
0.0
5.93649271802e-05
0.000859064528853
2.59597993906e-05
0.0
6.14373736055e-06
7.18723403147e-05
1.18499425251e-07
0.00011591820858
3.75450616478e-05
0.000135776057672
0.00026180881762
0.0
0.000594774806092
5.33974210102e-05
0.0
1.17307423967e-05
1.48399453153e-07
5.51631315591e-07
6.55030701252e-05
0.0
2.31046533217e-07
4.15669557358e-05
0.000101704671902
8.00364293011e-05
3.93646588874e-05
0.0
1.31651514869e-05
1.85981729525e-06
2.04763461978e-06
2.59927349869e-05
2.60729594776e-05
0.0
0.000115684144748
2.4341875007e-05
4.99615387282e-05
6.15188478151e-05
3.96882258433e-08
5.98374036924e-05
8.30173028597e-05
0.0
0.000194700083575
0.0
0.000121357954331
0.0
6.04296706522e-05
6.50760468412e-05
9.90041497309e-05
0.0
0.000163527180742
0.0
3.77426672354e-05
7.01583125113e-05
0.0
0.0
4.58436395015e-05
0.0
3.66729347803e-05
1.43028806277e-06
0.0
0.0
0.00033147372871
0.0
0.000180313644852
5.03729577108e-05
1.82405157803e-06
0.000204564977419
0.000270681168603
0.0
0.0
0.0
5.70996401181e-05
0.0
6.52073944121e-05
1.89276757067e-05
0.000151040882841
0.000456704330337
0.000689071504768
7.63060892377e-05
8.62796613729e-05
7.15144031387e-06
0.0
5.25970367794e-05
0.000236588446166
0.000102338705049
0.000293400293255
0.0
0.0
7.55719188521e-05
3.16883463798e-05
7.72263999185e-06
0.000128250573951
2.61126477035e-05
1.33493552526e-05
4.93693180759e-05
8.69929777142e-05
0.00017879018742
0.0
1.00120164394e-05
1.33746381224e-05
0.000398301223416
0.000171916068071
5.15279298019e-07
0.0
0.0
0.000166210433161
0.0
0.000405145256117
4.62093066435e-07
4.38025719224e-05
2.08583675821e-05
0.000104550144747
5.88497319483e-05
3.75450616478e-05
0.0
0.000134252610222
0.0
0.00013854273217
0.0
0.00594993455102
0.000101664687582
9.53590715656e-06
0.00200218629988
6.3320910657e-05
0.000105697250764
4.558534536e-05
6.61199160742e-05
0.0
0.000289564914571
3.75450616478e-05
0.0
7.99254721442e-05
0.0
0.000260644868117
0.0
0.000155440708779
0.0
2.03403460148e-07
0.0
1.81377109409e-08
0.000264027590414
0.000132534452498
0.000181696084025
3.21814814124e-06
1.00120164394e-05
3.48750440943e-05
2.12118992361e-08
0.0
0.000304335802619
6.20582064098e-05
4.00480657577e-05
5.94591299149e-05
0.000363705884155
0.00026227015808
0.0
0.0
0.0
0.000170711626168
2.50300410985e-05
0.000139277899284
1.36527496901e-06
3.75450616478e-05
0.0
0.0
3.75450616478e-05
2.6405318082e-05
1.25025180315e-08
0.000103288418766
0.0
0.0
3.64656171675e-06
0.0
0.000116814042878
0.0
0.0
1.48529914211e-05
2.34859801217e-05
0.000302512726133
8.92037950964e-05
5.93597812614e-05
0.0
0.0
0.0
0.0
0.000163735593008
0.0
0.0
6.11583079672e-05
5.97145266208e-05
5.7630643808e-05
0.0
6.90702399934e-07
1.86935506314e-05
0.0
0.000165769296046
5.47940247527e-06
2.50300410985e-05
0.000370410246637
1.00120164394e-05
0.000106467507556
0.0
0.000380791010593
1.47076691445e-05
0.000126777878543
8.98466400627e-05
8.15330744617e-05
0.0
0.000394191445371
1.11706623634e-07
0.0
3.30066476025e-05
0.000711584287204
0.0
0.000256826403193
0.0
0.000198935805087
0.0
0.0
0.000165727747257
1.43811932314e-05
0.0
3.16892565993e-05
2.14155055583e-05
0.0
0.000220366117123
0.0
5.66328066714e-05
0.0
4.99468240926e-05
6.71654344412e-05
0.000159674300702
6.65250261755e-07
0.0
0.0
1.04291837911e-06
3.16168940192e-05
4.03241323874e-05
3.93134884646e-05
0.000280867701799
4.15367695884e-05
0.000256420058541
0.000160279854811
0.0
0.000174751908629
0.000193562871358
0.000534322463368
0.000101908024473
5.72115225109e-05
0.000222435607403
0.0
0.000156668254321
2.59927349869e-05
0.00012700064614
0.000162601068061
0.0
0.000101906257076
0.0
0.0
6.11390593708e-05
0.0
4.98140867072e-07
0.000453730395882
0.000142248692273
0.000220736977352
0.0
2.50300410985e-05
0.0
0.00012009890239
0.000192500116874
4.51110951094e-05
0.000104517043128
0.000112897053265
0.000205085056013
0.000107359592162
0.000204272702353
3.81139262182e-05
0.000481752950708
6.50130937624e-07
0.0
0.0
5.80893732611e-05
2.50300410985e-06
0.00010291058129
0.0
0.0
4.60713289199e-05
3.27933693537e-06
0.000141099217825
0.000109693680972
2.57758341598e-05
0.000469925680966
0.00166256315819
0.000356839331874
6.78728308966e-05
0.000117517357663
0.000210907169222
7.07734945475e-05
1.89318129036e-05
0.0
0.00040370139275
0.0020789215324
0.0
6.87794377915e-05
0.000305404544062
0.0
0.000178604580987
0.000217582514274
8.40643978851e-05
0.000209816932911
0.00395895248999
4.88854300734e-05
0.000605321844714
7.35499658717e-05
5.85727341616e-05
0.0
7.43511377263e-05
0.000119368685763
5.52903051453e-05
0.0
0.000252826658412
0.000129387120465
1.36032832057e-07
4.04812780074e-05
1.78786007847e-06
0.0
0.000307328979031
0.00113815906846
5.44131328229e-07
2.60729594776e-05
5.5293636245e-05
0.000208463384669
2.81587962359e-06
7.3621691701e-05
0.000150887289221
0.00012077791328
0.0
9.50775928524e-05
0.0
0.0
0.0
9.88412567261e-05
4.77929150589e-05
0.0
6.80573814565e-05
0.000212767915386
7.23205956e-05
0.000266971219838
4.84510081265e-05
6.25751027463e-06
9.53888016136e-05
0.0
0.000111990324077
5.62890427142e-05
0.000515579804929
5.28863907169e-05
0.000121533285178
0.000730483420959
6.13912494511e-05
0.0
0.000149083131768
6.82637484506e-07
0.0
7.22884601981e-05
6.82637484506e-07
0.000160405524518
0.000325752627475
2.79240986231e-05
0.0
6.04296706522e-05
2.60729594776e-05
0.0
0.000517311048863
0.000131863620388
0.000355660689049
4.8057911045e-05
0.000111393296069
0.000210528115839
0.000206059026771
0.0
2.3798981001e-05
0.000366244368022
0.0
0.0
5.5293636245e-05
0.000206958147227
0.000223778170061
0.000240309337615
0.000100438816634
5.48881144759e-05
1.11028458907e-06
0.0
0.0
6.87844783266e-05
0.000163519252678
0.000111471269973
0.000113334268166
7.5764952835e-06
9.46698819141e-06
5.26905607655e-05
3.29060175793e-05
8.36038147137e-05
0.0
3.76161697191e-05
0.000301428300501
0.0
0.0
0.000227582640114
0.000350041223029
4.2298723447e-05
0.0
0.0
2.4539255979e-07
0.00010422046937
1.25150205493e-05
7.21364072645e-05
0.000131284590656
0.0
0.000116646315932
0.0
0.000138690833488
0.0
0.000101216333803
0.0
0.000209058622835
0.000445654852619
0.000378259086219
0.000144454474593
2.97650141399e-05
0.000121906117486
0.000117774757172
1.25150205493e-05
0.00012551119159
0.00046829042072
0.0
0.0
4.08824004609e-05
5.57556042862e-05
0.000139568943026
3.75450616478e-05
0.0
0.000435554338472
9.24755213e-08
0.0
0.0
1.78786007847e-06
0.0
0.000220614850628
0.000327765186585
0.00130503444269
0.000121303407342
0.00014592975696
0.000229240008904
5.77269416327e-05
0.000218250986221
4.57866605462e-08
7.97851761972e-05
0.0
0.0
0.0
0.000402767313775
0.0
0.0
6.02015643663e-05
0.0
5.68864570421e-07
0.0
7.27203446347e-05
8.18723474576e-05
1.34089505885e-06
0.0
0.00010055749424
5.63175924717e-05
0.0
9.22416642307e-05
0.0
0.0
0.000106268536475
0.0
0.0
0.0
1.68471430471e-05
0.0
7.25972696172e-05
0.0
0.0
0.000138935895857
2.93034627495e-06
1.9760558762e-07
6.00280575085e-05
0.0
0.0
0.000134118503661
3.75450616478e-05
0.0
0.000127738575895
6.19791493869e-06
1.00120164394e-05
0.000514193530137
0.0
0.0
0.0
0.000203883543264
5.25630863069e-05
0.0
5.41090594336e-05
0.0
7.2651431256e-05
0.0
0.0
0.000173075110912
4.27960358973e-05
0.0
4.35936855127e-05
7.93087205707e-06
0.0
5.09464771938e-05
0.0
0.00114999723439
7.33835295844e-05
0.0
0.000144169405148
1.61548635278e-05
8.80110293668e-05
6.70219291968e-05
6.85658537365e-05
0.0
0.000255320590019
5.25630863069e-05
0.0
0.000137316722402
0.00013877993908
0.0
0.000337969123934
0.00019133639923
0.000331903890438
7.91823773615e-05
0.000118183293234
8.13228911947e-05
5.36396890064e-05
0.00476900381485
0.000132980056233
0.0
3.75450616478e-05
2.77770798647e-05
0.0
0.000245043199903
2.05544092144e-05
6.52824620381e-05
6.25751027463e-05
0.000527906170676
0.0
0.000320119805087
5.62250183493e-05
9.5249394378e-05
2.35860002659e-06
2.50300410985e-06
0.0
6.70203958697e-05
1.24694195556e-06
0.0
0.000869909005729
0.0
0.000116785067867
1.25150205493e-07
0.000142551918982
4.99225544987e-05
0.0
0.000264829221079
0.000144163373595
4.7787017455e-05
0.000744339477963
0.0
0.0
2.61834573611e-05
0.0
0.000301441588618
7.10357634326e-05
0.0
3.12677021619e-05
8.76051438449e-06
0.0
7.27382274847e-05
0.0
3.75450616478e-05
0.00036153979853
0.000283275440004
0.0
0.0
1.78786007847e-06
0.0
2.71696511246e-07
2.6728408737e-06
4.08915238424e-05
9.97878167631e-05
0.000117013357786
0.000181514446274
3.75450616478e-05
0.0
7.08918461888e-05
4.87739536031e-06
0.0
0.000221575611573
0.000122671222452
0.00020019363136
3.75450616478e-05
0.000589136389486
4.30341057484e-05
0.000296774175378
3.26478796938e-07
1.6946468607e-06
0.000174024178972
0.0
9.38626541195e-06
0.000134305092544
0.0
0.0
2.63310822123e-05
0.000208633272944
0.0
1.36032832057e-07
0.000117175181813
0.0
0.000388205002945
0.000200911423412
0.00031840993644
3.04062118979e-05
1.21345498331e-05
0.0
0.00395077427654
3.11501290331e-05
6.1554806677e-05
4.00480657577e-05
0.0
5.35722025884e-05
0.000472730141678
0.0
3.75450616478e-05
0.00379234371641
0.00591495986978
0.00716940825275
0.0145532444369
3.75450616478e-05
0.0
5.75672372711e-05
0.000111016701083
0.000164858235429
4.04812780074e-05
0.000209608625885
0.0
0.000285725920017
3.75450616478e-05
3.71285535366e-05
0.0
4.28077336226e-05
5.09591633409e-05
0.000136243438017
5.87874610893e-05
5.04853417582e-05
1.04291837911e-06
1.96938661885e-06
0.000186954981948
0.00108828850354
0.000116825820612
0.0
0.000238103361272
0.0
0.000200618218853
0.0
1.92538777681e-06
0.000516192548292
6.83258628714e-05
1.86829160011e-05
0.00032270300798
0.0
0.000144620289612
0.000347425016801
0.000417991429092
3.75450616478e-05
5.93225726805e-05
6.50691766682e-05
9.71958907097e-05
5.59132610386e-05
0.000117854388586
0.000123431011873
0.00018877774784
4.36887990084e-05
1.61253236947e-06
0.000113240470184
1.10426651905e-06
0.0
8.14447998789e-05
7.44136356984e-07
0.0
0.00141505789673
0.00633954157148
5.93937867358e-05
3.64133499083e-05
0.0
0.0
0.000216618779287
0.0
0.000225255147352
0.0
2.06392670823e-06
0.000268287484535
0.000114978292348
0.0
4.55042700694e-05
4.64776769165e-05
0.000583966864485
6.92064258673e-05
0.0
0.000127816243994
3.77905950926e-05
0.0
5.52133259527e-05
5.98445528083e-05
8.03596056321e-06
0.00032743613146
2.48459966787e-06
5.9798077931e-05
8.65344042834e-05
0.0
0.000791283130849
5.83841337928e-05
1.49521561299e-05
2.35135316546e-07
0.000119643965383
4.61725979201e-05
0.000103516680345
0.000451443403432
0.000315712274241
0.000205221023407
0.0
0.0
7.64948642663e-05
0.000422633566079
6.94574671287e-05
4.15835220603e-05
0.000168877826591
7.14890464693e-05
7.22373099275e-05
0.0
9.80139212651e-05
0.0
0.0
0.000102395622676
0.000372846400811
0.000321755310534
0.000196570026596
0.000203910365066
0.0
0.000564252235914
2.26348218547e-05
0.0
0.000215022680983
0.0045059306924
8.34334703285e-07
0.000527436438856
0.0
0.000413378482794
1.04291837911e-06
7.36810162807e-05
0.000112839719618
5.6088659169e-05
0.000127131386322
2.67700974316e-07
5.05919956607e-05
0.0
0.0
0.0
0.000163844181651
0.000123919039659
0.000124725017304
4.29086418832e-05
6.24559193975e-05
0.0
0.0
1.81756606131e-05
0.0
0.0
0.000212568072896
5.21457178392e-05
0.000267546169025
7.06730572194e-05
0.0
1.87725308239e-06
5.07708948727e-05
0.000129547738415
0.000228708363664
0.0
0.0
0.0
2.8805801544e-05
0.0
0.000242930891366
0.0
3.95429772604e-05
0.00296873489773
0.000249823377975
0.0
0.0
0.00152039558109
1.34089505885e-06
0.00017309993114
0.0
7.70938129284e-05
0.0
0.000158532234605
0.000473114992837
4.19594734178e-05
0.0
0.0
4.19585219558e-05
0.000174848520614
0.000107346104073
4.92537467489e-05
9.810574539e-05
4.41706607621e-06
0.0
0.0
8.40895898578e-05
0.000270649471588
0.000251271696143
3.55540356512e-08
1.34371286287e-05
0.0
0.000948960207869
6.22522224923e-05
0.0
0.000288742148461
0.000473440672073
7.96145993664e-05
0.0
0.0
0.0
5.28469988221e-05
9.93628649412e-05
7.12892953015e-05
0.0
5.68864570421e-07
0.00136608827737
6.93923251471e-05
0.000488040955112
0.000332878561407
0.000233721647294
3.74162179222e-05
0.000226061734888
2.87701621823e-08
0.0
8.4485778729e-05
1.24126164632e-08
3.02782755224e-07
0.000130161318794
0.000452143443142
7.4775970739e-05
6.64903482979e-05
0.00371951717261
2.50300410985e-05
0.000207712164914
6.68591209314e-05
0.000115890750808
9.38660453731e-05
1.21428069501e-05
1.63651619172e-06
1.25150205493e-05
5.00600821971e-05
0.000206370655806
0.0
0.000823894769716
6.26338219546e-08
0.000317435053307
0.0
0.0
3.75488165294e-07
4.17167351642e-06
0.0
0.0
0.0
0.000146008573075
0.0
4.24736920523e-06
0.0
9.19441875063e-05
0.000378756981829
0.000266627604062
4.19135635805e-05
0.0
6.50939845987e-05
0.0
0.00568159957128
0.0
0.0
4.9365756333e-05
6.58813983045e-05
0.000125460220992
0.0
1.06965987601e-07
0.0
0.000198778900877
9.18409969539e-05
6.97701494036e-05
5.19911832907e-05
3.13586594445e-05
4.39950194001e-05
3.33817987635e-05
0.0
0.000403324825686
0.000104377647651
0.000241604383807
0.0
0.0
8.78435105425e-05
0.0
0.000130899429857
0.0
6.30485674786e-05
4.38025719224e-05
0.000122814578843
0.000103037224726
0.000174241531746
0.0
0.00586037525871
0.00481311202361
0.00182112236096
0.00683131472088
0.00219909320291
0.00332432917154
0.00257067030982
0.00379292050936
0.0
7.20025850713e-05
4.0911848574e-05
2.84496023538e-05
0.000176826900858
0.000636176817006
1.57051238265e-05
0.000933208986546
6.716199542e-05
0.00011414246844
7.50901232956e-06
4.36058836902e-05
0.0
0.00016901555091
3.80071547142e-05
0.00110542332544
0.0
0.000167897170468
8.21993503694e-05
0.000386524207441
0.0
0.000114972204788
2.75897574877e-07
0.0
0.000228667618528
0.000168548081455
0.000120968760903
5.13155252009e-05
6.13944124599e-05
0.000251204876953
0.000267492121301
0.0
2.56368299737e-05
5.12542219966e-05
5.70665023616e-05
6.77283465019e-05
0.000468834336165
5.38322962522e-05
0.0
0.000297311253931
0.000198991020118
0.000247656400949
3.75450616478e-05
3.57572015693e-07
0.0
0.0
0.0
9.14190413785e-05
0.0
0.0
0.00158101611773
0.0005453535502
9.93255599149e-08
0.000410268981331
0.0
7.59190402411e-05
0.0
0.0
3.54506312048e-05
0.000112385439522
6.83348565219e-05
0.000440509776262
0.000265502422322
9.69633687575e-05
0.000961051730987
0.000381732242971
4.5716970043e-05
0.0
0.000119025722572
0.0
0.0
0.0
5.68864570421e-07
1.15523266609e-07
0.000861967945633
0.0
0.000356047115212
0.000927497657091
4.16595889517e-05
4.36739518603e-05
2.4539255979e-05
6.43629628248e-05
0.000354436736094
0.000167361216837
0.0
0.0
6.53591271235e-05
0.000194114571273
0.0
0.000245320800189
0.0
0.000209853900659
7.56152290529e-05
5.70528850888e-05
0.000289913477435
0.0
0.0
0.0
3.27727491435e-05
0.000596585553027
8.60764951271e-05
0.000156099480316
0.0
0.000332659307734
0.0
6.60132952049e-06
0.0
8.7727779351e-05
9.55879330007e-05
4.88893517421e-05
0.000180474180947
0.0
0.000556974614406
1.64618571164e-05
0.000595076050979
5.05637532928e-05
7.50901232956e-05
0.0
7.36250278681e-05
0.000264969188438
7.20069091261e-05
0.00037274529397
0.000261453919648
0.000504111054733
0.00132131356826
7.3250401447e-05
0.000191374934685
0.000102072997336
3.79325706321e-05
0.000173527388312
0.0
0.000685865246818
1.53309001729e-05
0.00218428866769
0.000360499069318
0.000107594226469
0.000125636247732
6.46359262509e-05
0.000116947705237
0.0
4.97118820286e-05
0.000285735932844
0.00104949596225
0.0
0.0
0.000960250086562
0.000487079684318
0.0
7.92061612519e-06
1.00120164394e-05
0.0
0.0
0.0
0.0
0.0
0.0
0.0
6.02327192211e-05
4.234405449e-06
4.39432564167e-07
0.0
1.29963674935e-05
0.00012186023633
0.0
0.0
0.000592424084015
0.0
0.000287112605809
5.63992011996e-05
0.0
0.000284254512297
4.84452408359e-06
0.000176353439442
0.000483851360275
6.58870110472e-05
5.11763336477e-05
7.9042235048e-07
2.05603909024e-06
7.76125305381e-08
0.000117556414058
1.04291837911e-06
0.000115712159
6.35702730551e-05
0.0
5.11779373913e-05
0.0
0.000486029907862
0.000138890550511
6.24942970587e-05
2.35244747166e-08
0.0
0.000347283122623
0.0
5.28075657781e-05
6.97604266955e-09
0.000561800195617
3.61658789542e-05
8.78247056089e-07
0.0
3.75450616478e-05
0.000150875669634
1.26178992186e-05
0.00111394807928
0.00013466162111
0.0
0.00035959852498
0.000817877773947
7.83612764837e-05
0.00301763173908
4.42684983288e-05
3.48429549383e-06
0.0
0.0
5.26625087698e-05
4.81346944203e-07
0.000319069803989
0.0
0.000132727070343
0.00112403126472
0.00011576973191
3.75450616478e-06
4.92919777527e-05
2.50300410985e-06
0.0
5.45192155693e-05
0.000227292489781
2.19561764022e-07
0.0
0.000289299127529
0.00367383389017
0.0
0.000212094561361
0.00455534567196
9.11324438718e-05
7.59871230068e-05
0.0
8.68580030049e-05
1.24156949894e-06
9.69914092568e-06
4.15050532379e-05
0.000160758435576
0.0
1.51028722561e-05
0.000340453602526
0.0020070087901
1.36032832057e-07
1.04677554523e-05
0.000592213514191
0.000161949447071
1.25150205493e-05
0.000771151507365
0.00019775175679
0.000172072404644
0.000339008132354
7.07050649446e-05
1.24850444521e-05
0.0
0.0
0.0
1.12635184943e-05
5.14181147748e-05
6.06788875116e-06
0.000147259166354
0.000519909620521
4.67578927395e-07
2.76066629763e-07
0.000248727644598
5.69183134581e-05
0.000272335578635
0.000140904186018
0.00723309506352
0.000213926242651
7.9042235048e-07
5.45849634337e-05
0.000419163718003
0.000113298062093
0.00309998438146
5.00600821971e-05
0.0
2.77051428852e-05
0.0
3.08345189551e-05
0.0
6.47327967127e-05
0.0
0.000553637218842
6.17336722205e-05
7.43596144036e-05
0.000259697159346
5.99636567612e-05
5.63175924717e-05
0.0
4.16300059851e-07
3.53365286097e-05
0.0
7.49224282312e-05
8.78247056089e-07
0.000515549665064
0.0
5.72115225109e-06
3.57572015693e-07
3.96077359873e-06
1.78786007847e-06
0.0
0.0
7.05032784436e-05
0.0
0.00023306775111
0.000465003806387
0.0
6.95694067932e-05
0.000204936426377
0.0
0.000162570915089
0.000106266196594
0.0
0.000211261960331
2.14543209416e-05
4.81346944203e-08
0.0
0.0
0.0
6.310205098e-05
0.00410917750461
0.000101597041904
0.0
0.0
0.000191079195909
0.0
0.000151752688876
0.000104202653446
0.000486711154331
0.0
0.0
1.62532734406e-07
0.0
5.07930427859e-05
0.00017448204768
0.000142451650667
0.00126795553188
8.97776973963e-05
0.0
0.000337961823113
0.00013086311649
5.71717761934e-05
0.0
0.0
0.000125750549473
0.0
0.000531459307653
0.0
3.81403850355e-05
0.0
0.0
0.000465693412718
0.0
0.0
6.88481047482e-05
0.0
4.13761903874e-05
2.84432285211e-07
6.82637484506e-07
0.0
0.00022493513635
0.0
0.0
8.76051438449e-06
2.86533414027e-05
0.0
0.0
0.000149272356376
0.0
0.000105431502863
0.0
0.000177129885852
0.0
0.000175486273164
0.0
0.0
1.60907407062e-05
6.21738787429e-05
6.97265430602e-05
0.0
0.0
0.000266321010598
2.50300410985e-06
0.0
3.80569142533e-06
0.000279779063832
0.00020292341708
5.66200373469e-05
5.34600413045e-05
0.000119290608979
0.0
0.0
0.000281477269681
7.12152348326e-05
6.15978532948e-05
0.000332679020438
0.000172262429614
5.42317557135e-05
0.0
0.000195909296627
0.0
0.0
0.000181999985722
0.0
0.0
8.78064374346e-05
0.0
0.0
0.000128089709216
3.43269135066e-05
7.19788536223e-05
0.0
7.2177365608e-05
0.0
0.000557663559882
0.0
5.71380367099e-05
0.0
7.60955654203e-05
2.02672397559e-07
0.000185763759811
2.5625994458e-06
6.76566524961e-05
0.0
0.0
0.0
0.0
0.0
0.0
0.000215111263821
1.60907407062e-06
4.86634637405e-05
8.74283128864e-05
5.00600821971e-05
9.76171602843e-05
0.00013255257193
0.0
0.00042841873487
0.0
0.000335446640679
0.00160796077173
3.54302785836e-05
5.36509794345e-06
0.000161021151602
0.00164947377905
0.000856166343856
3.75450616478e-06
0.0
5.32773441267e-05
0.0
0.000151796513921
3.46451354919e-07
0.0
6.86626003318e-05
4.17167351642e-06
9.00199158989e-06
0.000269812997462
8.10112192478e-05
0.000556988404661
3.5046089648e-05
2.82322411921e-05
0.0
0.000321532474164
7.94728620592e-05
1.25150205493e-05
0.00134630357014
0.000368606457874
1.25150205493e-05
0.0
0.000295359460545
0.000148069340523
0.0
0.000132557581485
7.15264318413e-05
0.0
6.67467762628e-05
0.0
1.57752359865e-06
0.000244089253621
0.000198515464748
0.0
7.65975415114e-05
0.00017408682007
0.000232568425065
5.41426304816e-05
0.00035531148808
4.80590831191e-05
3.99518302511e-05
9.04072812173e-05
0.0
0.000302952754403
0.000335413120808
6.53409037922e-05
0.00108670727415
0.0
0.000308428877524
0.0
2.20853303811e-06
0.0
7.64216012149e-05
0.00233779619424
0.0
5.06680993898e-08
7.86290989477e-05
0.000132934928385
0.0
0.000122088076218
9.40978988668e-08
0.0
0.000264313779967
0.0
5.5173258227e-05
1.33671781565e-08
0.0
0.000185176829652
0.00024699369093
6.37189844253e-05
4.22588235085e-05
0.000175656346012
0.0
2.27047015789e-06
3.9938043599e-05
0.000407054662751
0.0
0.0
4.5642984415e-05
7.48026722535e-05
1.26634200024e-05
4.0380015897e-05
0.000545711041836
1.09019734563e-05
0.0
2.50262122024e-05
0.000149276863621
5.57572932266e-05
0.000123485170727
0.0
0.000150595557789
6.16005092909e-05
0.000107868330153
0.0
0.00337096630054
5.12608604341e-05
0.000278425860333
9.76905827537e-05
0.000431645891082
6.53222299433e-05
0.0
0.00165187315845
7.57218052505e-06
2.50300410985e-06
0.0002277902917
0.0
5.00600821971e-05
2.52828697966e-08
0.0
3.7698683013e-05
6.49818374674e-05
3.23918178922e-05
0.000160548867253
0.000262998832188
1.12635184943e-05
4.01499456659e-05
0.000228395677164
0.00199926637448
0.000256910123038
5.14391393164e-05
7.25958709484e-05
0.00012289173855
6.73231463901e-05
0.00177721355572
1.92538777681e-06
5.49867873163e-05
0.0
0.00101809586863
4.9324869309e-05
5.25630863069e-05
0.000200984603645
0.0
0.0134394847668
0.000596200093309
0.0
0.0
0.00159862330031
0.0
0.000123825923958
5.7447047206e-05
6.28262085426e-05
0.000167881878185
0.00102084707365
2.50300410985e-06
7.50901232956e-05
0.000162554747065
5.79744821645e-05
0.0
0.000592235804442
3.09131704166e-05
0.000226405510733
0.0
0.0
6.72920348884e-05
0.00199467786165
4.60780302041e-05
0.0
0.0
0.000112432673224
0.0
0.0
4.28330984996e-05
0.0
6.25444482536e-05
1.25150205493e-07
4.82912490089e-05
6.05371897738e-05
0.0
0.000241812984708
0.000466524790536
0.000436697481763
0.0
0.0
0.0
0.000399070453388
0.000223928393622
4.47502673191e-05
2.07187442236e-05
0.000106652567896
0.0
3.75450616478e-06
2.28933302733e-08
9.03893984091e-05
6.43968685379e-05
0.0
0.000310232450828
3.74203272237e-05
0.0
0.0
0.00206314214034
2.6405318082e-05
0.000345712075626
5.53598019478e-05
6.78347895345e-05
0.0
3.3790555483e-05
0.0
0.000225855818593
0.0
9.18409969539e-05
1.24295866761e-06
6.82637484506e-07
0.000169834269053
8.64500095971e-05
0.0
0.000656461390569
3.34040622014e-05
0.0
5.37889607866e-05
0.0
0.0
0.000188716891351
6.26819382876e-05
0.000244405404236
0.0
0.0
0.0
4.74090156102e-05
3.35223764713e-05
0.0
0.000302396057891
0.00020470733543
0.000552028167566
0.000665093613028
7.60996719501e-05
0.000500802837794
0.0
2.27545828169e-06
0.0
7.50971824957e-05
4.41332565005e-05
0.0
6.56879926388e-05
6.25751027463e-06
0.000220186794162
5.90481424097e-05
3.12803999329e-05
0.000156126645688
0.000190436109239
0.0
9.81570239158e-07
0.0
0.000455555006663
6.00720986365e-05
0.0
0.000330228450286
6.1111808036e-05
6.19299985943e-05
0.0
6.35180071706e-05
0.000420616126569
5.17685326335e-05
0.00023871206124
0.00010848947653
0.000283385121434
0.0
0.00010003077139
0.0
0.0
0.0
2.23476997846e-06
0.000294373440751
0.0
0.000162447305103
0.000585630329401
0.0
0.000351135227334
0.0
5.18479422755e-05
0.00149167806529
2.855737553e-05
3.83793963511e-05
0.000735993773179
0.00017259200035
0.000431223848538
0.0
0.0
0.000494374023813
0.000281986966779
0.000100772510822
0.0
0.0
0.0
0.0002645844987
0.000133355125953
5.63175924717e-05
5.26606059476e-05
0.00110896430882
1.87725308239e-05
0.000699875743844
0.000677819664594
0.000109942279095
0.000209698604259
0.0
1.25397537915e-05
3.70980966282e-05
0.0
0.000347414422979
0.0
0.0
3.75450616478e-05
0.0
0.0
3.75450616478e-06
1.30496257688e-05
3.3790555483e-05
0.0
1.33493552526e-05
5.64453996942e-05
4.2839878034e-06
0.0
0.000163364869139
0.000293610184993
5.56854013666e-05
0.0
0.0
8.00004516213e-05
1.25150205493e-05
0.000113635243663
0.0
0.000107254601227
0.0
0.0
0.0
5.52884549318e-05
0.0
0.000181606615668
0.0
5.95970564857e-05
0.000101521397993
0.000156274680477
0.0
0.000151420558345
5.03902513508e-05
0.0
1.19190671898e-07
0.0
2.50300410985e-05
4.33867408005e-05
2.67700974316e-07
0.0
0.0
3.75450616478e-05
7.27435569426e-05
0.000112856735336
0.000358183328351
0.0
1.9760558762e-07
4.65074312024e-05
0.0
0.000180199990048
0.0
0.0
4.47581523092e-05
0.0
5.41963148363e-05
0.0
6.24950254975e-05
0.000336098730979
6.61475428326e-05
0.00019244082188
0.00016243539322
9.05845673759e-07
1.56681555967e-05
0.000770252247827
6.90166574408e-06
9.8702900127e-05
8.91907573081e-05
0.000154673467722
2.52483203545e-06
1.00120164394e-05
8.2260187152e-05
0.0
0.000111527848012
0.0
5.57487279013e-05
0.0
5.83642541007e-05
0.0
0.000113799474312
0.0
0.000172388623166
0.000144412673396
5.82230749238e-05
3.93625050225e-05
0.0
0.000124665115694
6.77175969305e-05
4.58365042876e-05
0.000153648084567
5.90969022301e-05
0.000469609758999
3.94488716228e-05
0.000202107488006
0.000155082796624
1.04291837911e-06
9.40542394397e-05
0.0
0.000132515208253
0.000155199648074
0.000165761498279
0.0
4.55791597839e-05
9.24570843108e-05
3.23854036709e-05
0.000141837582603
8.38038890862e-05
0.0
0.000684274183746
0.0
0.0
5.13955560028e-05
0.0
0.000168468963146
0.0
0.000131898982234
8.84727338249e-05
0.0
0.0
0.00512188251697
6.95756118388e-05
0.000141934726968
0.0
2.91848252485e-05
0.00269301868973
0.000258811024312
0.0
6.09255761854e-05
0.000149443568459
0.000131961298588
0.000681160682824
5.29564515403e-05
0.0
0.0
5.87778354501e-05
0.000148746248715
1.62351031465e-06
0.000236866946078
4.61414137834e-05
0.000266314219545
0.000589805850695
0.00139849399648
5.00861617012e-05
0.000334482027859
0.000128270183946
0.000260184023748
4.52730252473e-05
0.000173489750317
5.22095187209e-05
6.66510133126e-05
5.58077465937e-05
4.05076316297e-05
7.89603472106e-07
0.0
0.0
0.0
0.0
0.000397983448625
3.06803389559e-05
0.000170059021923
0.000177781545496
8.12369000498e-05
0.000288070753604
0.00123247044221
6.25823235817e-05
0.000326025747767
4.2038031758e-05
0.00085240506935
6.12571665464e-05
0.000167857501787
0.000443018092396
0.0
1.78786007847e-06
0.000374947416179
0.0
8.76211101162e-05
3.05408568698e-05
0.0
6.52649271141e-05
0.0
0.0001637082227
0.0
0.0
0.0
6.82637484506e-07
0.000125519720608
3.9674716294e-05
0.0013560652288
0.0024148309967
5.98938784072e-05
0.000361489785888
0.00021314163248
0.000240636894113
0.000122788789746
6.49569749681e-05
5.88609676156e-05
7.56956888061e-08
2.45780386134e-05
8.44021470602e-05
0.0
7.08199176065e-06
0.0
0.000108693128751
0.0
0.000451095788956
2.59914598957e-06
4.21168317291e-07
3.75450616478e-05
0.000187478097442
0.000127024781976
6.0584850961e-05
0.00605958853401
7.29340249039e-05
0.0
5.01811632841e-05
6.00720986365e-05
2.84432285211e-07
3.94129911234e-05
8.4864947988e-05
0.0
0.000255403434079
0.0
0.000142582551078
3.75450616478e-06
0.000124948679716
2.72504479702e-06
0.000213209827745
0.000100120164394
3.57678356813e-05
0.0
0.00435853383161
8.31355810319e-05
0.000104565283241
5.86842156689e-05
0.0
0.0
0.0
0.000196865167129
7.50901232956e-06
0.0
0.0
6.54234715769e-05
0.0
0.000224764366451
1.98546069001e-08
0.0
6.70406809867e-05
0.000243902808655
6.04898910516e-05
3.75450616478e-05
8.70324586715e-05
8.86444378108e-05
0.000124655557717
0.00010813318793
7.99131876933e-05
3.75450616478e-06
0.000237183026129
0.0
9.0200175096e-05
5.57557951906e-05
0.000625346994954
9.27070232721e-05
0.0
0.000243706086133
0.0
6.58963966613e-05
2.21607437043e-05
1.44404083261e-05
0.0
0.000110756395892
6.07655716366e-05
0.0
0.0
0.00148319596322
0.0
0.0
0.0
0.0
5.68864570421e-07
3.93329217263e-05
7.9261796812e-05
0.0
0.000134167702318
0.000156840200966
0.0
0.000171589954031
0.0
6.22039410371e-05
0.0
0.0
3.7554230161e-05
4.74747733209e-05
3.8448924243e-05
4.60897446428e-05
5.91623023065e-05
0.000115935041915
1.00318815514e-05
2.23482509808e-06
0.000536786006268
0.000405473546693
6.86587423647e-05
0.0
3.98945945828e-05
4.13395701614e-05
0.000534375968871
0.000113107784899
0.00020077225474
0.0
0.0
0.0
0.0
1.57006621436e-05
7.94184336211e-05
9.42855887495e-05
8.70711878843e-05
4.60687796708e-05
0.000249537047391
4.79830842433e-05
1.36032832057e-07
0.0
0.0
1.60907407062e-06
4.92716230402e-05
0.000437001707103
0.0
1.93125703393e-05
0.000178839561812
0.0
6.96957178864e-05
0.0
5.2997303346e-05
0.000148790968884
0.0
0.000174540718706
0.000846343468705
0.0
9.05342833221e-05
0.0
6.79287943751e-05
1.34089505885e-06
1.66423145602e-06
0.0
0.000154141405287
0.0
0.00011380601738
1.66312565439e-07
7.15144031387e-07
0.0
4.68855403992e-05
5.91962808061e-05
5.3635802354e-06
0.00015209246589
0.000143460423844
2.67414969001e-06
0.0
1.42877613036e-06
4.00480657577e-05
1.96228545197e-07
0.0
3.75450616478e-05
9.71422521902e-05
0.000191160876848
0.000685893449547
0.000290462067569
6.73941276551e-05
0.000428986056111
7.07025043266e-05
0.0
2.35203620463e-05
8.44759519136e-07
0.0
0.0
0.000137818091617
0.000209922443136
0.0
0.000118037751011
0.000150058046287
0.0
0.0
3.75450616478e-05
7.35576717998e-05
4.540025481e-05
0.0
0.000158313516965
2.50300410985e-05
4.392483308e-05
0.000441292472914
0.0
0.0
7.81501166174e-05
0.000313845263891
3.78253828109e-05
0.000286203288201
5.00600821971e-05
7.15144031387e-06
2.88414337204e-06
0.000864419154898
5.26606059476e-05
1.8693281707e-06
0.0
0.000381957709526
0.000107563325117
6.49808014214e-07
0.0
0.000436204959695
2.19069437463e-06
4.76576685447e-05
4.35437662534e-05
1.54406097686e-07
0.0
0.0
5.47360398344e-05
0.00021239605665
0.000115530624835
0.0
5.01373915537e-05
0.0
0.000163171536081
6.61129644013e-05
0.000186753201719
0.0
4.81346944203e-07
0.000167525433786
1.24081374677e-06
0.0
0.0
0.000131136802454
0.00100210204176
0.0
0.0
0.0
0.0
0.0
0.0
0.0
0.0
2.61604300514e-05
5.09624102208e-05
0.0
0.000500644238703
0.0
0.00014325008926
0.000511127730821
0.000628243305388
6.6925243579e-08
0.000146541988288
5.25909521758e-05
0.0
6.25751027463e-06
1.78786007847e-06
0.0
1.78786007847e-06
5.68864570421e-07
0.0
0.000317155348413
0.000259657344972
0.000102384430429
0.0
8.22514860111e-09
3.87561926687e-05
0.0
0.000200782733361
5.00600821971e-05
0.000114491256974
0.000149120914383
0.000149894053787
0.0
4.12995678126e-05
0.0
5.68864570421e-07
0.0
0.0
2.50300410985e-06
0.0
0.000440610053157
0.0
6.45604411805e-05
5.00600821971e-05
0.0
4.06992538188e-05
2.50300410985e-06
0.0
3.47317869084e-08
0.0
0.00056544918325
6.28026485745e-05
0.000583475426369
0.0
4.56500273369e-06
0.0
0.0
0.0
3.10740498866e-05
0.000328448946469
0.0
0.000193654460953
0.000132549687179
0.0
9.27925486169e-05
6.43629628248e-05
9.61760367059e-05
0.000118909543381
0.000132374961736
0.000274261259954
1.25150205493e-05
0.00010990755226
6.0444695827e-05
1.7521028769e-05
5.10416524362e-05
4.12995678126e-05
0.0
0.000452923028239
0.000183245543998
0.000254772256067
0.000192115051916
0.00554190884011
0.0
0.00021771910415
7.41989955449e-05
0.0
0.000222014249917
0.0
0.000113326113004
0.0
8.58172837664e-05
0.00439504959398
5.00600821971e-05
3.75450616478e-06
1.78786007847e-06
3.75450616478e-06
0.0
0.0
0.000507275347033
9.37454722776e-09
0.0
0.0
0.0
0.000609125997102
0.0
6.4241424545e-05
0.00118385110046
0.000122428988243
0.0
0.000105276636999
6.19395378491e-05
7.1171141768e-05
0.0
0.000913142351623
0.000121097315019
0.000111762434265
1.34089505885e-06
1.60907407062e-06
5.18841337751e-05
0.0
0.0
0.000353699626383
0.000232635823011
7.59464141753e-05
0.000435099816796
0.00030363059287
0.0010564886306
2.50300410985e-05
6.66560877081e-06
0.0
0.000195473710491
6.96820275158e-05
2.36547641151e-07
8.80679882275e-05
5.00590936582e-06
0.0
0.0
4.89648983897e-05
0.000381151939132
3.75450616478e-05
0.0
0.00348878514609
6.25751027463e-05
0.0
3.58273137293e-06
0.0
2.4539255979e-07
7.09797979191e-05
0.000251729662719
0.0
0.000165754427251
0.000625519307886
0.000181611261069
0.0
0.0
0.0
0.000117273619133
0.000167413952293
0.000620363552126
0.0
4.12583095031e-07
2.59908963814e-05
7.2701725601e-05
0.0
0.000155339238105
0.000124579722814
0.000157849283374
0.0
2.50300410985e-06
8.34334703285e-07
6.07041211491e-05
0.0
0.000454603828284
3.75450616478e-05
0.000244231029668
0.000172161244212
8.25840587175e-05
0.000126984913242
0.000188810165089
0.00034752405052
0.00019700997515
0.000925035493668
0.0
0.000104553780737
3.699020852e-07
0.000184530525819
0.000385102819833
9.20859840615e-05
1.87725308239e-06
0.0
0.000150592523903
2.52714143384e-05
7.50901232956e-06
0.0
0.0
0.000101756094675
9.67027321381e-05
0.000461685908653
0.000226196175822
0.0
0.000400594220973
0.00107171890943
3.62514743805e-05
6.25751027463e-06
1.43028806277e-06
0.0001754774178
0.000386827339717
0.000413389762796
2.50300410985e-06
0.000300441025795
8.52721617229e-05
0.000383055071552
0.0
6.25044342598e-05
6.03606870099e-05
0.0
0.0
0.000388284518644
0.0
9.35050821038e-05
1.9523017995e-06
0.0
0.0
0.0
0.000238293287898
0.000109865480554
0.00108891511685
5.94536407445e-06
0.000120186156213
0.000562684307843
0.000735344681708
6.08488930154e-05
0.0
0.0
0.000252249340334
0.0
0.00226732490451
0.000232257692266
0.000287955783241
4.51159614416e-05
0.0
5.33313945302e-05
0.0
7.28233028558e-05
0.0
0.000167457596647
0.000168224175204
0.000110022505595
0.0
0.0
0.000104857083963
1.78786007847e-06
0.00020754315774
0.00871311925104
6.85314494249e-05
1.00120164394e-05
0.000174143181103
0.0
0.00228587049709
0.000231581642735
0.0
6.25751027463e-05
0.000275486925255
0.000143995842256
0.000312675211637
0.0
9.48879880049e-05
0.000103278621781
0.000179143753905
0.0
6.33825234269e-06
0.0
3.1710497494e-05
3.75450616478e-05
0.000122150299449
0.0
0.000237303231372
2.15776216367e-06
7.08274540556e-05
0.000123271890418
0.00029160764225
0.000193919977067
0.0
2.1876054065e-05
8.44783037416e-05
8.91695999162e-05
5.41874304433e-05
6.95171653371e-05
0.0
0.000168936272268
0.000102218162836
0.0
5.61594005708e-05
0.000135061636346
0.0
0.000582102461917
0.0
0.000127371752962
0.000175544594418
7.61968383537e-05
2.18118929573e-05
2.50300410985e-05
0.0
7.81548003044e-05
0.0
0.000191403683161
0.000200161193211
0.0
0.0003163198599
3.33120399914e-05
0.000234761768743
0.000166077904045
0.000189277686926
0.0
1.94325073549e-07
0.0
4.97314914749e-05
0.0
0.000225610758732
0.000133403220095
6.33808433594e-05
0.000194769989004
5.03583827645e-05
3.04877192328e-05
0.0
2.62369403549e-08
0.0
4.19369766095e-05
0.000200042338095
0.0
0.000179051330142
0.0
9.44402704526e-05
5.85065492494e-05
0.0
7.64439316435e-05
4.23363462181e-05
0.000111805568272
0.000134954330355
0.000411738157933
0.000125953458497
0.000222584952888
0.00110327701561
0.000301115450457
0.0
3.36446322452e-06
0.0
0.0
8.82720885137e-08
0.000249531459322
0.00022423391627
0.000144345741676
0.0
8.34334703285e-07
0.000157601486199
4.44324462809e-05
0.0
6.89197415252e-05
9.34749588494e-05
4.94137665819e-05
3.84385189583e-05
0.0
6.19529188081e-05
1.31889062712e-05
6.87489034439e-05
0.000229658708119
6.20684217524e-05
9.28798365424e-05
7.13661614164e-05
2.78743639506e-05
8.48027183199e-05
0.0
0.000225699082101
7.57226472124e-07
0.0
5.28152617202e-05
3.98959522358e-05
0.000396078315108
0.000136272745752
3.82276991323e-05
0.0
0.000366401577102
0.000145128377905
2.19561764022e-07
6.68990548032e-05
1.13258104518e-07
9.50816037468e-05
0.0
0.00034834934675
1.93391062009e-06
0.0
0.0
3.75450616478e-05
6.85013330653e-05
5.47189683404e-05
0.0
0.000198796760024
0.0
0.000881599710843
3.68473687236e-05
0.000516367126562
5.29532807161e-05
2.42950200652e-05
3.89891024804e-05
0.0
0.0
0.0
0.000319068077731
0.0
0.0
5.61217269363e-05
0.0
0.0
6.82637484506e-07
0.0
0.0001888608019
3.75450616478e-06
0.0
0.000106410620965
0.000137848313164
3.93329217263e-05
0.0
0.0
0.0
7.61084134876e-06
0.000115067716815
0.000345288174574
0.00015581918602
0.000134386230633
5.829812273e-05
0.000227737913964
3.04988179593e-06
0.0
0.00145189459006
5.75624552584e-05
0.000437981824967
0.0
0.0
4.67227433839e-05
0.0
2.08583675821e-05
7.16769358731e-05
5.62432148081e-05
0.0
0.000504270975691
0.0
8.6239408555e-05
3.75450616478e-06
0.0
0.0
1.50180246591e-05
0.0
2.8340465889e-05
0.000169646621406
0.0
3.5235854739e-06
7.31337842349e-05
0.000202355115058
4.86297941343e-05
2.25270369887e-05
2.14543209416e-05
0.000694204300774
0.00306503538542
0.00126999655764
0.000268863903217
1.29918203563e-07
0.0
0.000305874263355
5.24379062967e-05
2.50300410985e-05
5.47466095087e-05
8.11938776035e-05
7.71452354e-05
1.24668858548e-05
0.0
2.19419191448e-07
6.25751027463e-06
0.00058787122165
0.0
0.0
2.6005237505e-06
0.000687904973536
5.68864570421e-07
0.0
0.0
5.68864570421e-07
7.15756050241e-06
0.0
6.63259098903e-05
1.06965987601e-07
9.3036043357e-05
0.000561335517187
2.50300410985e-06
0.000741653808032
0.0
0.0
6.43629628248e-05
0.0
0.000230710557541
0.0
8.88523360058e-05
0.000215236017947
0.000125738896437
0.0
0.0
3.5964315901e-05
1.27444670601e-05
9.93255599149e-08
4.01455853983e-05
1.77741086702e-06
0.000107822487431
2.58628832532e-05
1.25809469086e-05
0.0
1.87708526073e-06
0.000113616096421
0.0
1.05389646731e-06
2.84432285211e-07
0.000263871777466
0.0
6.13481399474e-06
0.0
5.01559235106e-05
8.2998728299e-05
8.80992433575e-05
0.0
0.0
0.0
0.000814965038836
5.01482184273e-06
0.000128648893401
0.0
7.81555433087e-07
3.0806204429e-05
6.88922083569e-05
5.68864570421e-05
6.26135978563e-05
1.50180246591e-05
0.000237946836914
0.0
0.0
4.14412472905e-05
6.68560523528e-05
0.0025494834679
0.0
0.0
5.11030005762e-05
0.0
0.000609065198555
0.00041213736695
0.000156425032613
5.86743171206e-05
0.000399618300578
0.0
0.000671638819807
5.79811950683e-05
0.00026109710331
0.0
8.02992974333e-05
1.78786007847e-06
0.00323704257501
0.000331296680866
0.000306237106424
0.0
7.15144031387e-07
3.9997396065e-05
9.98285980697e-05
0.000265698144173
7.05155040418e-05
0.000361629245084
5.20753608765e-05
0.000204756311393
0.0003884516968
0.0
0.0
6.93842619531e-05
6.43629628248e-05
8.53296855632e-06
0.000186131599334
0.000502101709257
0.00011187940882
5.61624321372e-05
2.54472084502e-05
2.37521916319e-05
0.000139506595539
0.000439934897486
0.000114820347262
6.25751027463e-06
0.0
0.000190138826363
0.0
2.59119212971e-05
0.0
0.0
4.09555293991e-05
0.0
5.25373283228e-05
0.0
3.65698652414e-05
0.0
0.000137450101382
1.00120164394e-05
7.23870553839e-05
4.12583095031e-07
1.25150205493e-05
3.35223764713e-05
0.0
0.0
0.000116593499722
0.000500591099771
0.0
1.9760558762e-07
5.7836121621e-05
0.0
0.000133311681693
0.000172052217456
1.32555105945e-06
0.0
7.53745555808e-07
7.8949555656e-05
0.00111378405431
3.75450616478e-06
3.87306951735e-05
0.0
0.000130731350648
8.17033604653e-05
0.000118453780319
0.000154613591337
6.05066552266e-05
9.55615362435e-05
2.27545828169e-06
0.000335440319476
2.33797087184e-06
0.0
0.0
0.0
0.0
0.000101214424158
0.000257085854801
7.96979489655e-05
5.95086518239e-05
0.0
1.20336736051e-05
4.33744965768e-06
0.000129435564216
6.87884451982e-05
0.0
0.000177170280334
3.75450616478e-06
5.25172471876e-05
0.000233255174389
0.00178602581518
0.0002063343807
0.000105202621834
0.000169228288666
0.0
0.000528684621449
0.0
0.000176757967266
0.0
0.000123214005039
0.000272697735545
0.000307286144651
0.000324652836378
4.38025719224e-05
0.000572290795194
0.000213227648456
3.12875513732e-06
0.0
0.0
0.000239675286162
0.0
0.000196272364414
2.347868795e-05
4.15108603673e-05
0.000217424955673
0.000852513758398
0.0
7.0901758698e-05
6.25751027463e-06
0.0
4.06331836015e-06
7.28815902575e-05
0.0
0.000122160959556
0.0
2.43474761626e-05
9.32911860499e-06
8.0810039277e-05
3.01335689589e-05
0.000148136139252
2.30089561026e-05
2.4539255979e-07
0.0
0.0
0.0
0.0
3.4056622849e-07
9.35511048051e-05
0.0
0.0
0.00016257965669
3.93367256839e-05
7.14305714125e-05
0.00031453332885
7.56956888061e-08
0.00023544080408
0.0
8.62328000981e-05
0.000259469140945
0.0
0.0
6.53909823699e-05
0.0
0.0
0.000992261862655
0.000261643958484
0.000318856139246
0.0
6.97265430602e-05
0.0
0.000336213701776
6.32504328892e-05
0.000197527821534
0.000527409049513
0.000172316330592
3.50588687596e-05
0.0
6.36101796339e-05
0.0
0.000113068616482
2.86057612555e-05
3.43005257951e-05
3.81539157396e-05
0.000132477233049
0.00011739475988
0.000213119725771
5.01024898343e-05
0.000268879982404
6.29125864466e-05
5.79795236856e-05
0.000189749187734
2.73054993802e-06
0.00196581351355
4.30341057484e-05
0.000321128422766
0.0
0.000399190198093
6.81478031131e-06
0.000111175099213
0.0
1.34089505885e-06
5.2340361365e-05
0.000381625301902
5.41258407474e-05
0.0
0.00209917435883
0.000164661023724
6.58078829905e-05
0.000459873921714
0.0
0.000601975094443
6.40949088382e-05
0.0
0.0
6.34533498024e-05
0.00299341864009
0.0
5.61663120035e-05
8.04955322888e-05
6.40242103889e-05
0.000246400680924
2.81039057949e-06
0.00012698574184
0.00048465949912
0.000385216937354
0.000115724177852
0.000206972313171
0.000229866116399
0.0
0.000159405313394
0.000197214510698
0.0
0.0
0.000885978174678
0.00105645456235
6.84056663715e-05
6.25751027463e-05
2.4539255979e-07
6.45960312118e-05
6.94014775914e-06
0.000140845539994
3.14907246616e-05
0.000357390993929
0.000640877481354
0.000100815753096
0.0
2.95622751427e-05
0.000524387154044
8.83413215243e-06
5.63739664382e-08
0.000102315240812
0.000102523687714
4.12583095031e-07
0.000461031588028
0.0
6.48535765918e-05
6.90064894778e-05
0.0
0.000101525396603
0.000131647338732
7.31647355188e-05
0.0
0.0
0.0
0.00012386981091
5.88830531111e-05
0.0
2.35860002659e-05
0.000761371992466
0.00019665741737
0.0
0.00094106167828
0.0
0.0
0.000310041061589
8.34334703285e-07
0.0001896199406
1.88713007164e-06
0.000122735227907
0.0
0.0
0.00157600392344
4.53981072186e-05
0.000282406621317
0.000122891009079
0.000105909941578
0.000529948122203
0.00113527786214
0.000593449793476
1.77882908892e-05
0.0
4.47581523092e-05
0.0
0.0
0.0
0.0
0.000108216699478
0.000227942755898
0.0
0.000194348053574
0.0
8.05791673962e-05
0.0
0.000358480522645
0.0
7.82861078822e-05
0.0
0.000103621472594
1.00120164394e-05
4.41616035543e-05
1.78786007847e-06
0.0
0.000178509488146
0.0
2.53429166123e-05
0.000315139918641
0.000132274504581
3.2114452876e-05
0.0
0.000192387368947
4.27728550418e-07
6.87167808686e-05
2.19859497518e-05
3.93329217263e-05
0.000163500794891
6.82637484506e-07
6.8832613021e-05
6.66023534056e-05
0.000107526374769
0.000124367018357
0.0
0.000145933667553
4.7110887391e-05
0.0
3.0965736559e-05
0.0
5.27068924437e-05
0.0
0.000122900111026
0.0
0.0
0.000193603870155
0.000186881035273
6.45325224165e-05
9.56125298469e-05
0.000130498077612
0.000250073069376
3.75450616478e-06
5.95953359489e-06
0.000238578620395
0.000237159152744
0.0
0.0
0.000245192346513
0.000189285422059
7.24152743861e-05
4.84558027942e-05
0.0
5.77567186961e-05
6.83725019714e-05
0.000135825620377
0.0
0.000288190926982
9.55395714455e-05
0.00018149950794
3.75450616478e-05
3.75450616478e-06
2.48459966787e-06
5.92187690072e-05
1.20465438442e-07
7.52793658417e-05
0.0
0.000366049661102
0.0
6.82737418295e-05
0.000423725399471
0.0411967948505
0.0893941049777
0.0322985677452
0.00341473333975
0.00012737680466
7.15144031387e-06
4.47571544211e-05
2.50300410985e-05
0.000984170090212
1.25150205493e-05
0.0
0.00441111243768
0.000345765836096
3.61961058884e-05
4.20360977301e-05
0.0
4.62574413379e-05
7.86731876788e-05
0.000255476008451
9.57521768299e-05
2.47006984525e-06
0.0
0.0
0.0
4.16974537416e-05
7.05811514933e-05
0.0
0.0
0.0
3.21117864014e-05
0.0
7.48080910704e-05
8.43830464499e-05
0.000114058531979
0.000864721401756
0.0
0.000372684276949
0.0
0.0
0.000111399186991
9.44618218354e-05
0.000112899936391
4.02268517655e-05
1.04291837911e-06
5.71080148222e-05
6.00720986365e-05
0.0
0.0
3.75450616478e-05
8.37246639876e-05
5.07365697943e-07
0.00065123691445
3.95141737759e-05
5.34384865192e-05
0.0
6.7556437322e-05
0.000294129529044
6.25751027463e-05
0.000191937871075
4.81346944203e-06
0.000656111101845
0.000519912237924
0.0
0.000187314948673
4.55903612824e-05
4.95673349824e-05
0.000138615118361
8.21438098478e-05
6.75568456501e-05
2.3812516475e-05
0.000140703626062
9.15043320657e-05
8.23252610219e-05
0.0
0.0
6.80804762451e-06
0.0
6.48581081533e-05
3.00885843859e-05
7.86596872629e-05
0.0
0.0
7.25979750078e-05
0.0
5.45216425286e-05
0.0
0.000147885692795
3.75450616478e-05
3.63147696879e-05
5.86038847057e-05
0.0
7.01523788244e-05
0.0
0.000147842751845
4.90860750546e-05
0.0
0.000494115618232
4.54496835969e-05
0.000250813162639
0.00024446896318
0.000146233410195
0.000125675657861
3.5565349794e-05
0.00163646800197
7.16731560421e-05
0.00244325385561
3.75450616478e-05
0.000159223378762
0.0
0.0
0.0
3.84778582105e-05
8.63104865467e-08
0.00038026372314
6.82637484506e-07
2.89530273108e-05
0.00025208242424
2.57267448729e-06
0.0
0.00036807819908
0.00023913605705
0.00011944619177
0.0
0.000193879616448
3.520502955e-05
0.0
4.30809657463e-08
0.0
4.46200976848e-06
0.000708417711494
0.000594648791955
0.0
0.0
3.75800686983e-05
0.00011917173836
0.0
0.0
2.2434505565e-06
0.000485057077134
0.0
5.96823050524e-05
0.0
0.000258748053223
0.00027671960414
0.0
0.000109226339829
0.000444527587006
0.00010165692841
0.0
1.50180246591e-05
0.000157135232122
0.0
0.0
6.04241567398e-05
3.89974342135e-05
0.0
0.00076181207547
5.00564364791e-05
4.95166891746e-05
0.0
0.0
0.0
9.88235139644e-05
0.0
0.000118192286964
0.0
0.00121363374838
0.000195801989078
0.0
0.0
0.000418931299724
0.00029960187256
0.000202720682316
0.000228701498341
8.36961336168e-05
0.000145093624055
0.000233879678016
0.000160938091056
0.00287809612953
0.000198912809895
0.000101769514794
6.68739379026e-05
6.80102169098e-05
0.000256178427281
7.98022551351e-05
0.000153475305163
0.000159448337592
0.0
0.000298461237267
0.000156501760101
0.0
0.00123824289448
0.000352352222848
5.60449495327e-05
0.000189067533171
5.69111902843e-05
8.63868984879e-05
0.0
0.000382864226849
0.0
0.000179295675524
0.000222937484062
4.07218125627e-05
1.25150205493e-05
3.00360493182e-05
0.000179179107387
0.000123246811846
0.0
6.67305282647e-05
8.11860204532e-05
8.44490381911e-05
4.80814228217e-05
3.5353421265e-05
5.84463082002e-05
5.04317447148e-05
1.17782537779e-05
5.43803710918e-05
0.000106427696464
0.0
0.0
6.38861007288e-05
0.000103530929159
2.48459966787e-06
0.000270858919958
0.000386349865639
0.0
0.000301473240321
8.83330931861e-05
0.0
5.64750078415e-05
3.3790555483e-05
0.0
0.000173132116906
0.000155766608495
0.0
0.0
0.0
0.0
6.47755459198e-05
9.79290869062e-05
0.0
7.26694513414e-05
0.000456834299745
0.0
0.000159295710244
0.000111231465242
5.04916346298e-05
1.26467576077e-05
0.000115345811514
1.43028806277e-06
0.0
0.0
0.0
0.000229157379258
0.000774503542483
2.27545828169e-06
0.0
0.000136211210546
6.72375613823e-05
0.000254702432429
0.000413891448377
0.0
0.000434973902444
9.53823438312e-05
0.0
6.11786899272e-05
6.94019473099e-05
0.0002513854397
0.0
0.0
0.000110290505495
0.000121021511997
0.0
6.97798825322e-05
2.72500891803e-05
2.9563848953e-05
0.00064943305488
0.000259070477704
0.000151127955956
0.0
9.14251568719e-05
9.02341886653e-05
1.20336736051e-05
0.000931309271139
0.0133855109946
0.00258347861506
0.0
0.000197995912206
0.000713011860471
0.000110119990878
0.000313536729069
1.62532734406e-07
0.0
0.000385979787217
6.1422432483e-05
0.0
0.000210929289366
1.56437756866e-07
5.91577856355e-07
7.12706040371e-05
5.78579026932e-05
1.10403560447e-06
5.28209483856e-05
0.000174242999426
6.25751027463e-06
5.97296222136e-05
